Layer: model.0.bn
1.258789
2.404297
2.136719
2.298828
1.314453
3.714844
2.685547
1.898438
2.023438
2.419922
2.255859
2.554688
1.100586
2.443359
2.548828
1.909180
1.726562
5.015625
2.224609
2.136719
1.515625
1.727539
1.612305
1.065430
2.039062
1.653320
2.177734
5.402344
5.136719
3.359375
1.299805
1.059570

Layer: model.1.bn
2.873047
2.800781
2.345703
3.007812
2.365234
3.083984
3.251953
3.171875
3.349609
2.839844
3.318359
3.662109
3.412109
2.908203
1.828125
2.187500
3.486328
1.782227
3.197266
2.191406
1.458984
2.310547
1.725586
3.611328
2.765625
2.917969
3.798828
3.335938
2.402344
2.777344
2.263672
2.968750
2.535156
2.558594
3.195312
2.847656
1.776367
2.078125
1.746094
3.113281
1.840820
2.121094
3.291016
3.199219
1.883789
2.060547
1.342773
1.826172
3.195312
2.785156
3.625000
3.701172
2.751953
3.419922
3.244141
2.501953
3.693359
3.173828
3.224609
3.179688
1.714844
3.765625
2.570312
2.771484

Layer: model.2.cv1.bn
2.044922
0.355469
2.931641
2.138672
0.897949
0.889160
0.532715
0.524902
0.440186
0.835938
0.498535
0.319092
1.113281
1.167969
0.467529
1.007812
1.361328
0.504395
0.752441
1.524414
1.194336
1.288086
0.880859
0.686035
0.388428
0.561523
0.593262
1.949219
1.435547
1.307617
0.841797
2.546875

Layer: model.2.cv2.bn
1.202148
1.715820
0.878418
2.355469
1.314453
2.123047
2.166016
2.457031
1.350586
1.378906
3.619141
1.002930
1.175781
1.720703
1.595703
2.556641
1.127930
0.928711
2.843750
1.940430
2.160156
1.583984
2.181641
2.011719
2.949219
4.796875
1.122070
2.548828
2.628906
0.968750
1.625977
2.697266

Layer: model.2.cv3.bn
1.589844
1.533203
2.650391
1.705078
1.342773
1.253906
1.455078
0.681152
1.481445
1.830078
2.363281
0.708984
1.510742
1.938477
1.275391
1.111328
1.318359
1.570312
1.529297
0.994141
1.437500
1.543945
1.228516
1.507812
1.293945
1.433594
1.746094
0.761230
1.445312
2.562500
1.624023
1.477539
1.415039
1.744141
1.250000
1.375000
1.496094
1.637695
1.353516
1.554688
1.362305
1.564453
1.453125
1.496094
1.460938
2.500000
1.472656
1.488281
1.220703
1.226562
1.397461
0.739746
0.755371
2.568359
1.500000
1.513672
1.220703
0.929199
1.301758
0.656250
1.283203
1.624023
1.878906
0.692871

Layer: model.2.m.0.cv1.bn
0.609375
1.010742
2.167969
0.733887
2.835938
3.037109
0.487305
2.224609
3.023438
1.172852
0.520020
2.267578
0.676758
0.822266
0.943359
1.116211
0.855957
1.273438
2.750000
0.658203
1.255859
0.983887
0.898438
0.838867
0.751465
1.458008
1.051758
1.198242
0.761719
0.516602
0.975586
2.109375

Layer: model.2.m.0.cv2.bn
1.422852
2.003906
1.229492
1.731445
1.607422
2.021484
1.730469
2.128906
1.501953
1.698242
1.540039
1.977539
1.824219
1.935547
1.391602
2.177734
2.515625
1.638672
1.916016
2.193359
1.991211
2.111328
1.396484
2.484375
1.294922
1.917969
1.117188
1.977539
2.556641
1.822266
2.804688
2.333984

Layer: model.3.bn
0.757324
0.972656
0.835938
0.933594
0.543457
0.902344
0.977539
1.237305
1.299805
0.636719
0.432617
0.565918
0.655762
1.316406
0.788086
0.883789
0.924316
0.781738
0.930176
0.558594
0.869629
1.200195
0.850586
1.015625
0.775391
0.541992
0.628906
0.916016
0.809570
0.687500
0.667969
0.943359
0.623535
0.629395
0.978516
0.665039
0.893555
0.992188
0.789062
0.840332
0.813477
0.807617
0.848633
0.930664
0.806152
1.782227
0.853516
1.001953
0.895996
1.384766
0.987305
0.884277
0.839355
0.609863
1.121094
0.541992
0.897949
0.577637
0.905762
0.693359
0.861816
1.255859
0.758301
0.796875
0.604492
0.684570
1.148438
0.911133
0.928223
0.727539
1.087891
0.948730
0.808594
0.736816
0.759277
0.748047
0.922363
0.859863
0.934570
1.313477
0.894043
0.826172
0.793457
0.917969
1.457031
1.128906
0.765137
0.797363
0.741699
1.122070
0.972656
0.698242
0.899902
0.800781
0.577637
0.935059
0.596191
0.903320
0.738281
0.901855
0.976562
1.041016
0.818848
0.952148
0.881348
0.879883
1.031250
0.552246
0.877930
1.220703
1.053711
0.677246
0.664062
0.564453
0.808594
1.049805
1.123047
0.948730
1.176758
0.800781
1.176758
0.899902
0.644043
0.842773
0.934082
1.041016
0.904785
1.130859

Layer: model.4.cv1.bn
0.198120
0.500000
0.406982
0.223633
0.630371
0.227051
0.211060
0.154053
0.415527
0.297607
0.286621
0.230469
0.393555
0.467773
0.274902
0.378906
0.481445
0.167236
0.661621
0.205444
0.497070
0.193359
0.334229
0.228394
0.342773
0.338867
0.241089
0.506836
0.179810
0.159912
0.527832
0.528809
0.479492
0.301514
0.320312
0.663574
1.196289
0.212646
0.493408
0.559570
0.239624
0.801758
0.501953
0.222656
0.267090
0.461670
0.227539
0.227783
0.412109
0.352051
0.603516
0.221069
0.249878
0.194092
0.322021
0.344971
0.469238
0.232666
0.490234
0.329590
0.218018
0.435547
0.411377
0.497314

Layer: model.4.cv2.bn
0.828613
1.074219
0.937500
0.893066
0.795898
1.240234
1.182617
0.930664
1.518555
0.671875
0.665527
0.904785
0.562012
0.655762
0.749023
0.762207
0.804199
0.750000
1.043945
0.763184
0.800293
0.960449
1.107422
0.869629
1.332031
1.218750
0.944824
0.884766
0.954102
0.798340
1.003906
1.340820
0.814453
1.031250
0.614258
0.986816
0.770508
0.583496
1.282227
0.834961
1.106445
1.455078
1.030273
1.323242
0.885254
0.745605
0.963379
0.992676
0.817871
0.803711
1.262695
1.084961
1.332031
0.934082
0.925293
1.004883
0.867188
0.715332
1.415039
0.763672
1.404297
1.076172
1.406250
0.869141

Layer: model.4.cv3.bn
0.434082
0.569336
0.766113
0.745117
0.694336
1.033203
0.770508
0.437500
0.602539
0.851562
0.864746
0.355957
0.747070
0.747070
0.662109
0.665527
0.732422
0.838379
0.841797
0.844238
0.868164
0.911133
0.582520
0.581055
0.780273
0.885742
0.611328
0.849609
0.760254
0.796387
0.996094
0.908691
0.778320
0.366455
0.784180
0.541016
0.917480
0.884766
0.381348
0.806641
0.851074
0.412842
0.866211
0.913086
0.723145
0.864258
0.801270
0.645020
0.624512
0.754395
0.729492
0.857910
0.925781
0.448486
0.785156
0.581543
0.880859
0.844727
0.466309
0.923340
0.605957
1.129883
0.918457
0.659180
0.900391
0.356445
0.494873
0.926758
0.742188
1.011719
0.807129
0.929199
0.814941
0.874512
0.833496
0.870117
0.750000
0.511719
0.356934
0.665039
0.958008
1.002930
1.094727
0.905273
0.966797
0.416748
0.791992
0.931152
0.946777
0.863770
0.800293
0.939453
0.936523
0.749512
0.649414
0.729492
1.034180
0.758301
0.454346
0.834473
0.576660
0.370117
0.856934
0.848633
0.957520
0.846191
0.516113
0.720703
0.857422
0.983887
0.860840
0.581055
0.633789
0.542969
0.568848
1.032227
1.112305
0.719727
0.865234
0.636719
0.936523
0.764160
0.786621
0.371094
1.584961
0.334961
0.592285
0.803711

Layer: model.4.m.0.cv1.bn
0.443604
0.908203
0.821289
1.020508
0.912109
0.583496
0.935547
0.927246
1.221680
0.895020
0.800781
0.446777
0.970215
1.118164
0.751465
0.796387
0.714355
0.808594
1.250977
1.091797
0.873535
0.961914
0.799805
0.937500
1.036133
0.652344
1.058594
0.883301
1.055664
0.607910
0.999023
0.266846
0.682129
0.922852
0.798340
1.220703
0.701660
1.238281
0.728516
0.896973
0.607422
1.110352
0.934082
1.032227
0.451660
1.018555
0.726074
1.078125
1.117188
1.025391
0.897949
1.108398
0.811523
1.108398
1.056641
0.851074
1.142578
0.864746
1.120117
1.043945
1.126953
1.067383
0.687988
0.989746

Layer: model.4.m.0.cv2.bn
0.623047
0.383301
0.455811
0.520508
0.645020
0.683105
0.498779
0.447266
0.917480
0.643066
0.726562
0.583496
0.868652
0.790039
0.586426
0.778809
0.818848
0.635254
0.930664
0.362061
0.694336
0.560059
0.458008
0.627930
0.736816
0.660645
0.763672
0.795410
0.752930
0.621582
0.757324
0.781250
0.721191
0.729004
0.406006
0.531250
0.361328
0.621582
0.690918
0.833496
0.684570
0.866211
0.737793
0.569824
0.720703
0.607422
0.688965
0.598145
0.686523
0.468994
0.487549
0.581543
0.789551
0.602539
0.654297
0.694336
0.600586
0.598633
0.828125
0.350098
0.832031
0.383789
0.726074
0.758301

Layer: model.4.m.1.cv1.bn
0.779785
0.958008
0.941895
0.958496
0.913086
0.884766
1.013672
0.810547
0.608887
0.896973
1.042969
0.794922
0.419922
0.713379
0.794434
0.802734
0.562988
1.184570
0.776855
0.892578
0.983398
0.706055
1.038086
0.797852
0.849121
0.933594
1.000977
0.433838
0.717285
0.460693
0.582520
0.703613
0.938965
0.803711
0.800293
0.685547
0.778809
0.922852
0.550293
0.566895
0.950195
0.765137
0.550293
0.824707
0.811035
1.017578
0.796387
0.483398
0.919922
1.097656
0.864746
0.562988
0.802734
0.970703
0.825684
0.720703
0.869629
0.801758
0.926758
0.917480
1.000000
0.850586
0.730957
0.916504

Layer: model.4.m.1.cv2.bn
0.833496
0.612305
0.941406
1.073242
1.270508
0.969727
0.911621
0.594238
1.206055
0.998535
1.133789
0.663086
1.307617
0.977051
0.771484
1.009766
1.179688
0.853516
0.898438
0.606934
1.458984
0.746582
0.663086
0.805176
0.872070
0.644531
0.782715
1.101562
1.245117
1.139648
1.288086
1.005859
1.174805
0.762695
0.593750
1.359375
1.000000
0.869629
1.113281
0.966309
0.967285
0.990723
1.176758
0.951172
1.299805
0.742188
0.813965
0.796387
0.704590
1.080078
0.783203
0.921387
1.510742
1.423828
0.754395
1.172852
0.717285
0.742676
1.003906
0.767090
0.714844
0.741699
0.758789
0.881836

Layer: model.5.bn
0.982910
0.682129
1.025391
0.872559
0.911133
0.683105
0.868652
0.615234
0.523926
0.814453
0.851074
0.778320
0.851074
0.849609
0.815430
0.689941
0.591309
0.716309
0.744141
0.704590
0.783203
0.726074
0.907227
0.828613
0.966797
1.588867
0.757324
0.598633
1.565430
1.007812
0.644043
0.745117
0.828613
1.347656
0.699707
0.653809
0.791504
0.782227
0.854980
0.904785
0.953125
0.673340
1.104492
0.833008
0.657715
0.985840
0.810547
0.827148
1.360352
0.890137
0.648438
0.690918
0.576660
0.731445
0.753418
0.872559
0.738770
0.662109
0.578613
0.861816
0.799805
0.754395
0.919922
0.841797
0.926270
0.788086
0.867188
0.680176
0.752930
0.817383
0.693848
0.817871
0.833984
0.831055
0.680176
0.915527
1.683594
1.372070
0.705078
0.662598
0.820312
0.875977
0.670898
0.803711
0.694824
0.672363
0.719727
0.878906
0.785645
0.780762
0.774414
0.912109
0.611816
0.814453
0.643066
0.875000
0.677246
1.154297
2.121094
0.992676
1.007812
0.937988
0.856445
0.729004
0.678711
0.896973
0.726562
0.810059
0.685059
0.604980
0.659180
0.671387
0.934082
0.851562
0.916504
0.842285
1.197266
0.929688
0.775391
0.932617
0.856445
0.862305
0.890625
0.754883
0.873047
0.789062
1.086914
0.799805
0.789551
0.848633
0.802734
0.837402
1.042969
0.946777
0.739746
0.758789
0.898438
0.704590
1.323242
0.748535
0.657715
0.725098
0.916016
0.708008
0.807617
0.728027
0.536621
0.996582
1.432617
0.893555
0.608398
0.914062
0.786133
0.536133
0.693848
0.597656
0.806152
1.090820
0.897949
0.718262
0.905273
0.672852
0.901367
0.772949
0.674316
0.793457
0.787109
0.915039
0.724121
0.748047
0.779297
0.775391
0.787598
1.699219
1.290039
0.721680
0.837891
0.661133
0.982910
0.617676
0.786621
0.669922
0.832031
0.705078
0.541504
0.678711
0.853516
0.801758
0.796387
0.903320
0.973145
0.856445
0.832031
1.011719
0.734375
0.776855
0.659180
0.527832
0.672852
0.917969
1.271484
0.732910
0.758301
0.856934
1.258789
0.731934
0.788574
0.930664
0.928711
0.727051
0.786133
0.601562
0.646973
0.590332
0.621582
0.954590
0.824219
0.766113
0.927246
0.768066
0.831055
0.920898
0.702148
0.860840
0.702637
0.894043
0.935059
0.739258
0.571289
0.638672
0.763672
0.533691
0.725098
0.925293
1.036133
0.676758
0.717285
1.250000
0.731445
1.308594
0.821289
0.773438
0.643555
0.826660
0.727051
0.856445
0.852539
0.835938
0.765625
0.650879
0.674805
0.775879
0.824707
0.737793
0.891602
0.794922

Layer: model.6.cv1.bn
0.290283
0.494873
0.442139
0.517578
0.390137
0.421875
0.390625
0.518066
0.236206
0.665527
0.882812
0.437256
0.366943
0.294678
0.253174
0.322266
0.290039
0.484619
0.337158
0.503418
0.250732
0.505371
0.417725
0.277588
0.432617
0.269043
0.294434
0.339844
0.328125
0.367920
0.493652
0.408936
0.391846
0.559570
0.290283
0.350342
0.341797
0.299316
0.260986
0.564453
0.724121
0.512695
0.301758
0.239990
0.466553
0.427979
0.281006
0.265869
0.469971
0.675293
0.621582
0.432861
0.270508
0.370850
1.029297
0.331787
0.345459
0.852051
0.432129
0.552734
0.854492
0.314453
0.359619
0.281494
0.436035
0.469482
0.244019
0.290771
0.661621
0.241455
0.308594
0.450928
0.318848
0.551758
0.284912
0.231079
0.308594
0.339111
0.342529
0.252686
0.440186
0.396484
0.375000
0.273193
0.302490
0.364502
0.265381
0.444580
0.389160
0.419922
0.302979
0.380127
0.284668
0.567871
0.413330
0.289795
0.307617
0.328369
0.512207
0.405762
0.564941
0.310303
0.338135
0.539551
0.251953
0.347900
0.472412
0.539551
0.408691
0.266357
0.326660
0.327637
0.302979
0.467041
0.254639
0.486572
0.279785
0.581543
0.587891
0.272217
0.355957
0.451904
0.339111
0.347412
0.351807
0.409424
0.358398
0.470215

Layer: model.6.cv2.bn
1.144531
0.946289
1.009766
1.207031
1.370117
1.082031
1.102539
0.962891
1.418945
1.081055
1.383789
1.157227
1.379883
1.199219
0.900391
1.116211
1.026367
0.968750
1.439453
1.362305
1.195312
1.255859
1.202148
1.207031
1.152344
1.090820
1.083984
1.286133
1.211914
1.238281
1.211914
1.155273
1.178711
1.000977
1.186523
1.342773
1.271484
1.273438
1.238281
1.145508
1.128906
1.322266
1.257812
1.356445
1.147461
1.146484
1.026367
1.129883
1.293945
1.352539
1.215820
1.117188
1.229492
1.060547
1.111328
0.961426
1.202148
1.274414
1.097656
1.274414
0.846680
1.129883
1.165039
1.316406
1.259766
1.128906
1.256836
1.146484
1.330078
1.248047
1.471680
1.127930
1.163086
1.257812
1.144531
1.036133
1.517578
1.405273
0.965820
1.111328
1.315430
1.164062
1.250000
1.365234
1.235352
1.346680
1.165039
1.206055
1.157227
1.285156
1.104492
1.394531
1.124023
1.204102
1.125000
1.267578
1.253906
1.208984
1.467773
1.191406
1.292969
1.361328
1.249023
1.152344
1.101562
1.191406
1.302734
1.166016
1.201172
1.256836
1.184570
1.524414
1.264648
1.181641
1.298828
1.093750
1.125000
1.348633
1.237305
1.151367
1.128906
1.253906
1.053711
1.014648
1.399414
1.199219
1.267578
1.360352

Layer: model.6.cv3.bn
0.851562
1.051758
1.249023
0.616699
0.988281
1.138672
1.063477
1.202148
0.996582
0.570312
0.880371
0.610352
1.123047
1.124023
0.990234
1.095703
0.867676
0.976562
1.087891
1.082031
0.518555
1.075195
1.060547
0.780273
0.683594
0.832520
0.619141
0.888184
1.029297
0.780762
0.775879
0.943848
1.223633
0.984375
1.039062
1.128906
1.090820
0.851562
1.045898
0.985352
1.185547
0.862793
1.178711
0.596191
0.958008
1.151367
1.115234
1.156250
0.883789
1.070312
1.113281
1.054688
1.164062
1.043945
1.161133
0.950684
1.013672
0.784668
0.898438
1.118164
0.871094
0.916992
0.717285
1.194336
0.947754
0.982910
0.933594
0.881348
0.969238
0.743652
1.014648
0.829590
1.177734
0.974121
0.998535
1.188477
1.036133
0.862305
1.120117
0.811523
0.860840
0.907227
1.155273
1.092773
0.895020
1.072266
1.379883
0.890625
0.497559
0.956543
0.603516
0.664062
1.296875
0.551270
1.014648
0.985352
1.097656
0.655273
1.125977
0.497803
1.056641
1.155273
1.203125
0.550781
0.672852
0.920410
1.110352
1.153320
1.198242
1.060547
0.915039
0.984863
0.442139
1.154297
1.032227
0.623047
0.861816
0.911133
1.094727
1.082031
0.718262
1.055664
1.096680
0.955078
0.754395
0.640625
0.487061
1.137695
0.950195
1.011719
1.205078
1.011719
0.596191
0.922852
1.144531
0.958008
1.189453
1.025391
0.561523
1.013672
0.746094
0.803711
1.123047
1.207031
1.080078
1.080078
0.918457
0.650879
0.776855
1.156250
0.875000
1.017578
0.593750
1.064453
0.838379
1.244141
1.114258
1.018555
0.885254
0.573730
1.253906
0.913086
1.112305
1.001953
0.587402
1.203125
1.070312
1.175781
1.041992
0.849121
0.733398
0.931152
0.933594
0.823730
0.588379
0.999023
0.765137
0.696289
0.889648
1.277344
0.704590
0.772461
0.872070
0.715820
1.084961
1.192383
0.448486
0.846191
1.007812
0.984863
1.220703
0.788086
0.763184
0.900391
1.039062
0.868164
1.108398
1.215820
1.048828
0.991211
0.750977
0.604492
0.744141
0.981445
1.161133
0.956055
1.023438
0.795410
1.114258
1.160156
0.825195
0.897461
1.018555
1.104492
1.062500
0.747070
0.759766
1.094727
0.546387
0.544434
1.366211
1.152344
1.027344
1.046875
0.741211
1.043945
0.728027
0.608398
0.668945
1.095703
1.071289
0.967285
1.008789
1.095703
0.908203
0.398193
0.864258
0.873535
0.948730
0.764160
1.071289
0.907715
1.047852
0.791992
1.039062
0.861816
0.671387
0.863281
1.067383
1.248047
1.104492
1.057617
1.162109
1.087891
1.076172
1.013672

Layer: model.6.m.0.cv1.bn
1.229492
0.906738
0.901855
1.029297
1.164062
0.262939
0.944336
1.023438
1.095703
1.153320
0.946289
0.817383
1.108398
1.059570
1.089844
0.989258
1.017578
1.549805
0.890625
1.016602
1.211914
1.059570
1.124023
1.237305
1.053711
1.067383
0.830566
0.946777
0.906250
1.014648
0.996582
0.959473
0.920898
1.018555
1.008789
1.158203
1.130859
0.834961
1.166016
1.196289
0.994141
0.957520
1.060547
1.142578
1.289062
1.298828
1.178711
1.144531
0.904297
1.091797
1.017578
1.136719
0.985840
1.100586
1.195312
1.500977
1.192383
1.163086
1.174805
0.925293
1.148438
0.908203
1.050781
1.026367
1.071289
1.121094
1.079102
1.266602
0.873535
1.105469
0.857422
1.163086
1.079102
1.174805
1.253906
0.967285
1.186523
0.882812
1.208008
1.031250
1.040039
1.245117
0.688965
1.101562
0.903809
0.954102
0.815430
0.960938
1.134766
1.166992
0.947266
1.083008
1.079102
0.931152
1.015625
1.218750
1.143555
1.150391
1.311523
1.198242
1.114258
1.104492
0.943359
1.083984
1.166992
1.239258
1.024414
1.085938
1.264648
1.167969
1.001953
0.800781
1.293945
0.946289
0.929688
1.197266
1.195312
1.054688
0.803711
0.982422
1.092773
1.175781
1.218750
1.187500
1.083984
0.829102
1.080078
1.054688

Layer: model.6.m.0.cv2.bn
0.717773
0.871582
0.615723
0.689941
0.624512
0.776367
0.724609
0.879395
0.532715
0.668457
0.518066
0.508301
0.620117
0.616699
0.474121
0.651855
0.641602
1.245117
0.486572
0.709473
0.486572
0.722656
0.520996
0.730469
0.875488
0.840820
0.524414
0.599121
0.599609
0.551270
0.695312
0.564453
0.520020
0.751953
0.586914
0.498047
0.528320
0.489014
0.493164
0.737793
0.767090
1.210938
0.703613
0.618652
0.870605
0.763672
0.435059
0.452637
0.784180
0.415039
0.513184
0.668945
0.603516
0.567383
0.458496
0.587891
0.603516
0.504883
0.650879
0.609375
0.685547
0.718262
0.771973
0.424805
0.862305
0.613770
0.562012
0.625488
0.464111
0.522461
0.658691
0.649902
0.740234
0.877930
0.416992
0.735352
0.872559
0.663574
0.775879
0.366455
0.740723
0.553223
0.456543
0.528809
0.491211
0.464600
0.421387
0.647949
0.467041
0.629395
0.664062
0.611816
0.791992
0.779785
0.714355
0.349365
0.726562
0.558594
0.658203
0.560547
1.208984
0.535156
0.591797
0.809570
0.604980
0.547852
0.798828
0.673340
0.750488
0.451172
0.712891
0.465332
0.440430
0.647461
0.622559
0.596191
0.694824
0.436768
0.452637
0.710938
0.681152
0.403809
0.727539
0.714844
0.610352
0.878906
0.406250
0.921387

Layer: model.6.m.1.cv1.bn
0.808594
0.853516
1.110352
1.095703
1.119141
1.083984
1.072266
1.083984
1.049805
0.845703
0.913086
1.065430
1.042969
1.250000
1.160156
0.800293
0.869629
1.083984
1.033203
0.882324
1.084961
1.032227
1.021484
0.843750
1.056641
0.904297
1.009766
0.933594
0.406982
1.083984
0.778320
0.884766
0.742188
0.991211
1.076172
0.926270
0.921875
1.090820
0.627441
0.787598
1.102539
1.160156
1.090820
1.206055
0.920898
1.182617
0.898438
1.081055
0.974121
1.041992
0.899902
0.617188
0.990723
1.102539
1.072266
1.124023
0.986328
0.979492
1.102539
0.865723
0.944824
1.165039
1.089844
0.549805
1.148438
0.890625
0.884277
0.949219
0.987305
1.059570
0.817383
0.956055
1.119141
0.925781
0.549805
0.763672
0.822266
1.108398
0.971680
0.820801
0.971680
0.957031
1.166992
1.142578
1.144531
0.979980
0.722168
0.909668
1.086914
0.907715
1.028320
1.134766
0.995605
0.947754
1.180664
0.850098
1.079102
1.139648
0.946289
0.937012
1.070312
1.225586
0.972656
0.886230
0.973633
0.832031
0.951660
1.018555
1.004883
1.203125
0.819336
1.141602
1.338867
1.191406
0.967285
0.907227
0.979980
0.896973
1.036133
1.085938
1.006836
1.116211
0.831543
0.893066
1.057617
1.040039
0.977539
0.943848

Layer: model.6.m.1.cv2.bn
1.046875
0.845215
0.703125
0.917969
0.673828
0.594727
0.871582
1.087891
0.990234
0.862793
0.815430
0.641113
0.665039
0.920898
0.722656
1.212891
0.791992
1.881836
1.006836
0.947754
0.650879
0.790039
0.955566
0.750977
0.801758
0.977051
0.705078
0.607910
0.700684
0.490479
0.923828
0.746094
0.807617
0.834961
0.825195
0.816895
0.628906
0.484375
0.585449
0.779297
0.942871
0.649414
0.829590
1.830078
0.872559
0.825195
0.928223
0.831055
0.752930
1.011719
0.817871
0.602051
0.590820
0.638672
1.106445
0.808594
0.490479
0.586426
0.873047
0.711914
0.706055
0.757324
0.904297
0.997559
1.209961
0.719238
0.727539
0.898438
0.819824
0.798340
0.952637
0.941406
0.732422
0.711914
0.494385
0.817383
0.782715
0.998535
0.787598
1.450195
0.713379
0.744629
0.635742
0.837402
0.699707
0.570801
0.522949
0.914551
0.705078
0.967773
0.764648
0.751465
0.828125
0.996094
0.745605
0.527832
0.882812
0.745117
0.622070
0.739258
0.871582
0.767578
0.835938
0.982910
0.840820
0.642578
0.706055
0.941406
1.053711
0.831543
0.834961
0.681641
0.532227
0.863281
0.682617
0.694336
1.053711
0.784668
0.821777
0.571289
0.798340
0.917969
0.924805
0.912109
0.568848
0.921387
0.658203
0.824219

Layer: model.6.m.2.cv1.bn
0.934570
0.776855
0.924316
0.956055
1.071289
1.018555
1.161133
0.982910
0.921387
0.842773
0.824219
0.899414
1.019531
1.064453
0.903320
0.988770
0.882324
1.115234
0.988281
1.080078
0.912598
0.901855
0.713867
0.993164
0.922852
0.963867
0.931152
1.072266
0.725098
0.990234
0.758301
0.998535
0.933105
1.107422
0.755859
0.945312
0.848145
0.825684
0.769043
1.028320
0.673828
0.973145
0.956543
0.835449
1.001953
0.922363
0.779297
0.983398
1.198242
1.117188
1.143555
1.310547
1.144531
0.988770
0.556641
1.054688
0.813477
0.954590
0.948730
0.757812
0.984375
1.004883
0.638184
0.913086
1.026367
1.052734
0.860352
0.591797
0.816406
0.921875
0.802734
1.022461
0.693848
0.931641
1.027344
0.875000
1.130859
0.920898
0.734375
0.958008
0.854492
1.057617
1.045898
1.054688
0.741699
0.787598
1.236328
1.006836
0.798828
1.000000
0.995605
0.881348
0.958984
0.948730
1.083984
0.942871
0.872070
0.965820
1.000977
0.886230
1.033203
0.852539
1.004883
0.666504
0.960449
1.170898
0.962402
0.977051
1.124023
1.119141
0.939941
0.954590
1.001953
0.930176
0.281494
1.127930
0.849121
0.989258
0.854004
0.998047
1.034180
0.882812
0.868652
1.010742
1.011719
0.997070
1.063477
1.346680

Layer: model.6.m.2.cv2.bn
2.066406
0.914551
1.144531
1.153320
1.010742
1.482422
1.364258
1.213867
1.300781
0.826172
1.128906
1.358398
0.909180
1.371094
1.035156
1.300781
0.924805
1.926758
0.957031
1.223633
0.956543
1.105469
1.073242
1.317383
1.113281
1.116211
0.991211
0.883301
1.077148
1.164062
1.268555
1.108398
1.185547
1.251953
0.937012
1.246094
1.433594
0.759766
1.091797
1.034180
1.458008
1.101562
1.304688
1.678711
1.234375
1.114258
0.897949
0.798828
1.083008
1.186523
1.133789
1.041992
1.120117
0.883789
1.090820
1.181641
1.024414
0.899414
1.085938
1.205078
1.961914
1.156250
0.996582
1.466797
1.445312
1.041992
1.194336
0.970215
1.378906
1.383789
1.250977
1.429688
1.168945
0.908691
1.035156
1.369141
1.073242
1.266602
1.291992
1.136719
1.538086
1.007812
0.909180
0.875488
0.749512
1.145508
0.660645
0.995117
1.133789
1.272461
1.257812
0.931641
0.833008
1.180664
1.015625
0.844727
1.205078
0.801758
0.980469
1.132812
1.254883
0.901367
1.437500
1.349609
0.983398
1.104492
1.109375
1.290039
1.074219
0.924805
1.260742
1.198242
0.993652
1.333008
0.740234
1.033203
1.531250
0.982910
0.945312
0.743652
0.944336
1.147461
1.118164
0.987793
1.057617
1.158203
0.861328
0.961914

Layer: model.7.bn
0.995605
0.859863
1.127930
1.092773
0.857422
1.102539
1.120117
0.975098
1.095703
1.036133
1.264648
0.933105
1.061523
0.950684
0.871582
0.999512
1.275391
1.037109
1.109375
1.183594
0.949707
0.921875
1.275391
0.970215
1.056641
1.060547
0.929199
1.018555
1.216797
0.990234
0.967285
1.126953
0.945801
1.089844
1.007812
1.123047
1.127930
0.905762
0.973633
1.054688
0.983398
0.896484
0.914551
1.094727
1.309570
1.137695
1.013672
1.051758
1.064453
1.057617
1.079102
1.062500
1.043945
1.063477
0.985352
1.273438
1.223633
1.042969
1.005859
1.254883
1.155273
0.992676
1.021484
0.828125
0.976074
1.123047
0.977051
0.974609
1.063477
0.884766
1.171875
1.179688
1.126953
0.979980
1.232422
0.840820
1.000977
0.894531
1.229492
1.084961
1.122070
0.809570
0.881348
0.939941
1.023438
0.990723
0.915527
1.089844
1.156250
1.136719
0.981934
1.076172
1.165039
0.958008
1.148438
1.104492
0.801758
1.058594
0.921387
0.958008
0.856934
0.955566
1.113281
1.002930
1.020508
1.038086
0.971191
1.126953
0.897949
0.871582
1.105469
0.963867
0.967285
0.953613
0.962891
0.863770
1.053711
0.942871
0.830566
1.168945
1.008789
1.371094
1.172852
1.121094
0.954590
0.874023
1.091797
1.267578
1.026367
1.043945
1.149414
1.403320
1.061523
1.396484
1.015625
0.952637
0.701172
1.135742
1.083984
1.001953
1.545898
1.060547
0.994629
1.234375
0.951660
1.045898
0.997070
0.965820
1.025391
0.933105
0.964844
1.078125
1.193359
0.750977
0.946777
1.193359
1.077148
1.209961
1.153320
1.083008
0.977539
1.500977
1.052734
1.071289
1.210938
0.944824
1.016602
0.922363
1.220703
1.209961
1.070312
0.863281
0.924316
1.074219
0.907715
1.154297
0.845215
0.951660
1.263672
0.931152
1.019531
0.908203
1.254883
1.083984
1.111328
1.042969
1.094727
0.968750
0.944824
1.099609
1.063477
1.001953
1.087891
0.944336
1.127930
1.059570
1.077148
1.109375
1.323242
1.002930
1.032227
1.195312
0.880371
1.123047
0.925781
0.974121
1.040039
0.973145
1.068359
1.019531
1.118164
0.970703
1.102539
0.982422
1.008789
1.044922
1.002930
1.145508
1.030273
0.953125
1.233398
1.152344
0.979004
1.269531
0.978516
0.946289
0.977051
1.195312
1.027344
1.131836
0.978516
1.154297
0.958984
0.965332
0.942383
0.968750
0.978516
0.995605
0.976074
1.175781
0.967285
0.824707
0.925781
1.069336
0.912109
0.895996
1.000977
1.127930
1.028320
1.156250
1.354492
1.007812
0.880859
1.285156
1.040039
1.096680
1.070312
0.985840
0.991211
1.233398
0.954590
1.231445
1.228516
1.085938
1.070312
1.042969
1.048828
1.028320
1.001953
1.179688
1.088867
1.006836
1.014648
1.166016
1.062500
1.030273
1.240234
1.054688
0.974609
1.040039
1.155273
1.127930
0.869629
1.024414
1.440430
0.977051
1.033203
1.040039
0.960449
1.129883
0.965332
1.104492
1.165039
1.012695
1.300781
1.054688
1.137695
0.917480
1.047852
0.900879
1.236328
0.953125
1.006836
1.093750
1.208984
1.023438
1.032227
0.952637
1.096680
0.966797
0.953613
1.212891
0.956055
0.871094
1.028320
1.029297
1.101562
0.963867
1.002930
1.208008
1.127930
1.147461
1.103516
1.137695
0.942871
1.057617
1.012695
1.041016
1.098633
0.951172
1.199219
0.977539
0.991699
0.857910
1.036133
1.181641
1.165039
0.971191
1.199219
1.028320
1.024414
0.981934
0.948730
1.042969
0.922852
0.988770
1.058594
1.006836
1.114258
1.134766
1.303711
0.894531
1.069336
1.000000
0.988770
1.173828
1.256836
0.804199
1.170898
0.956543
0.866211
0.815430
0.910156
0.876953
0.977539
0.980469
0.985840
1.101562
1.031250
1.051758
1.254883
0.897949
1.156250
1.574219
1.248047
1.254883
0.876465
1.016602
1.063477
1.391602
1.106445
1.139648
1.190430
1.139648
0.942871
1.040039
1.473633
1.012695
1.291016
0.955078
0.925781
1.083984
1.030273
1.124023
1.240234
0.937012
1.357422
1.081055
1.017578
1.084961
1.025391
1.264648
0.950684
1.233398
0.873047
0.991699
1.257812
1.108398
0.955566
1.023438
1.084961
0.998047
0.971680
1.050781
1.420898
0.871094
0.941406
0.986328
1.250977
1.095703
1.047852
0.997559
1.013672
1.116211
1.217773
1.035156
1.061523
1.038086
0.976562
1.133789
1.126953
1.084961
1.269531
0.840820
1.020508
1.106445
1.055664
0.948242
1.018555
1.029297
1.131836
0.973633
1.185547
1.067383
1.044922
1.016602
0.906738
1.296875
1.240234
0.946777
0.980957
1.113281
1.018555
0.996094
0.920410
1.110352
0.909180
1.068359
1.141602
0.981445
0.898438
0.999512
0.920410
0.983398
0.997559
0.875977
1.201172
1.087891
0.943848
0.906738
1.018555
0.944824
0.924316
1.032227
0.933105
1.182617
1.069336
1.008789
1.002930
1.077148
1.016602
1.287109
1.012695
1.086914
1.089844
1.128906
1.302734
0.963379
1.025391
1.187500
0.981934
1.122070
0.935547
1.092773
1.134766
0.897949
0.762207
1.358398
0.917969
0.953613
1.158203
0.981934
0.922363
0.861816
1.075195
1.059570
0.975586
1.087891
1.112305
0.984863
1.067383
1.128906

Layer: model.8.cv1.bn
0.732910
0.432617
0.779297
0.822754
0.754395
0.462402
0.781250
0.410889
0.800293
0.630859
0.381836
0.545410
0.645508
0.666016
0.761230
0.609375
0.606445
0.548828
0.573242
0.734375
0.618164
0.711914
0.638672
0.672852
0.846191
0.614746
0.503418
0.717773
0.560059
0.692383
0.862793
0.498535
0.665039
0.573242
0.677734
0.718750
0.596680
0.634277
0.730957
0.710938
0.518555
0.638672
0.549805
0.481445
0.742676
0.576660
0.531250
0.772461
0.720215
0.766113
0.670410
0.623047
0.625000
0.632324
0.652344
0.623047
0.635254
0.591309
0.531250
0.644043
0.718750
0.553223
0.583496
0.709473
0.919434
0.706055
0.623047
0.721680
0.619629
0.802734
0.847168
0.710449
0.651855
0.757324
0.627441
0.555664
0.639648
0.604492
0.708984
0.473389
0.658203
0.681152
0.590820
0.600586
0.781738
0.505371
0.672852
0.683594
0.588379
0.487549
0.585449
0.624512
0.461426
0.461914
0.809082
0.684570
0.909668
0.900391
0.637695
0.840332
0.689453
0.564941
0.623047
0.504395
0.501953
0.437012
0.809082
0.670410
0.416016
0.476318
0.515137
0.735352
0.438232
0.574219
0.693359
0.674805
0.649902
0.644531
0.433594
0.772461
0.530762
0.843262
0.468750
0.577637
0.466064
0.659180
0.870117
0.689453
0.453613
0.446777
0.703125
0.701172
0.773926
0.593262
0.811035
0.611816
0.646973
0.623047
0.476074
0.810547
0.489502
0.704102
0.564453
0.723145
0.743652
0.586426
0.789062
0.734375
0.710938
0.736816
0.743652
0.636230
0.806641
0.735840
0.702148
0.804199
0.537598
0.663086
0.649414
0.468018
0.662109
0.777832
0.638184
0.774902
0.418945
0.791016
0.546875
0.472656
0.789551
0.683105
0.743652
0.567383
0.443848
0.688965
0.569824
0.764160
0.797852
0.648438
0.769531
0.637695
0.681641
0.695801
0.593750
0.560059
0.533691
0.611816
0.791992
0.741699
0.647461
0.639648
0.612305
0.595215
0.969727
0.530762
0.384521
0.817383
0.763184
0.753418
0.835938
0.554199
0.344727
0.609863
0.655762
0.650391
0.540527
0.623047
0.618652
0.576172
0.673340
0.580078
0.696777
0.583008
0.506348
0.496826
0.624023
0.441162
0.625977
0.540527
0.493896
0.537598
0.650391
0.622559
0.598145
0.792969
0.675293
0.664062
0.435791
0.737305
0.728027
0.724609
0.797852
0.403320
0.689941
0.725098
0.621582
0.780762
0.449707
1.117188
0.386475
0.611328
0.675781
0.616211
0.687500
0.706055
0.689453
0.611816
0.713379
0.517578
0.650879
0.482666
0.517090
0.466064
0.589355
0.542480
0.546387
0.681641

Layer: model.8.cv2.bn
1.248047
1.145508
1.152344
1.239258
1.148438
1.316406
1.226562
1.189453
1.100586
1.178711
1.184570
1.177734
1.213867
1.281250
1.193359
1.134766
1.147461
1.109375
1.128906
1.190430
1.099609
1.014648
1.174805
1.111328
1.253906
1.067383
1.190430
1.131836
1.212891
1.277344
1.140625
1.238281
1.245117
1.171875
1.142578
1.112305
1.062500
1.111328
1.263672
1.204102
1.217773
1.186523
1.109375
1.015625
1.160156
1.086914
1.118164
1.234375
1.271484
1.258789
1.238281
1.209961
1.056641
1.125000
1.233398
1.255859
1.250000
1.071289
1.069336
1.239258
1.097656
1.153320
1.197266
1.166016
1.199219
1.219727
1.194336
1.056641
1.191406
1.177734
1.061523
1.141602
1.129883
1.096680
1.113281
1.089844
1.296875
0.989258
1.085938
1.143555
1.207031
1.116211
1.181641
1.143555
1.089844
1.243164
1.251953
1.227539
1.181641
1.187500
0.993164
1.235352
1.037109
1.226562
1.102539
1.179688
1.059570
1.113281
1.134766
1.065430
1.226562
1.202148
0.999512
1.130859
1.158203
0.934082
1.120117
1.161133
1.133789
1.093750
1.046875
1.114258
1.125977
1.116211
1.159180
1.199219
1.194336
1.179688
1.073242
1.152344
1.281250
1.183594
1.149414
1.190430
1.080078
1.175781
1.118164
1.256836
1.155273
1.199219
1.118164
1.331055
1.118164
1.142578
1.208008
1.089844
1.066406
1.163086
1.024414
0.995117
1.083984
1.302734
1.171875
1.183594
1.281250
1.172852
1.182617
1.239258
1.184570
1.168945
1.223633
1.159180
1.205078
1.123047
1.155273
1.135742
1.214844
1.250977
1.194336
1.231445
1.237305
1.042969
1.088867
1.253906
1.125000
1.262695
1.314453
1.317383
1.236328
1.084961
1.209961
1.189453
1.127930
1.269531
1.065430
1.233398
1.107422
1.104492
1.266602
1.123047
1.165039
1.242188
1.061523
1.076172
1.243164
1.138672
1.096680
1.211914
1.243164
1.032227
1.329102
1.091797
1.198242
1.139648
1.109375
1.200195
1.239258
1.084961
1.049805
1.203125
1.129883
1.143555
1.156250
1.183594
1.218750
1.182617
1.253906
1.175781
1.136719
1.046875
1.218750
1.079102
1.059570
1.102539
1.289062
1.089844
1.053711
1.102539
1.224609
1.029297
0.970215
1.099609
1.125977
1.215820
1.197266
1.107422
1.143555
1.130859
1.135742
1.095703
1.186523
1.194336
1.245117
1.173828
1.166016
1.211914
1.250977
1.130859
1.193359
1.195312
1.138672
1.221680
1.154297
1.213867
1.065430
1.005859
1.224609
1.250000
1.157227
1.114258
1.110352
0.996094
1.144531
1.117188
1.220703
1.131836

Layer: model.8.cv3.bn
1.169922
1.375000
1.139648
1.170898
0.948242
2.003906
1.229492
1.517578
1.034180
1.202148
1.196289
1.028320
1.296875
1.276367
1.073242
1.313477
1.419922
1.301758
1.039062
1.279297
1.428711
1.239258
1.188477
1.419922
1.126953
1.181641
1.170898
1.225586
1.224609
1.076172
1.192383
1.192383
1.136719
1.001953
1.252930
1.174805
1.185547
1.035156
1.226562
1.190430
1.095703
1.200195
1.156250
1.114258
1.122070
1.448242
1.214844
1.107422
1.164062
1.211914
1.087891
1.243164
1.001953
1.209961
1.037109
1.232422
1.112305
1.421875
1.474609
1.340820
1.237305
1.470703
1.138672
1.172852
1.325195
1.343750
1.135742
1.195312
1.126953
1.189453
1.389648
1.183594
1.210938
1.315430
1.487305
1.312500
0.971680
1.275391
1.162109
1.267578
1.510742
1.132812
1.322266
1.345703
1.286133
1.388672
1.104492
1.436523
1.097656
1.125000
1.166016
1.037109
1.251953
1.281250
1.296875
1.341797
1.146484
1.316406
1.063477
0.839355
1.264648
1.350586
1.045898
1.215820
1.367188
1.263672
1.156250
1.256836
1.068359
1.130859
1.369141
1.087891
1.281250
1.235352
1.225586
1.416016
1.355469
1.236328
1.261719
1.152344
1.175781
1.037109
1.282227
1.165039
1.371094
1.609375
1.323242
0.972168
1.055664
1.291016
1.095703
1.391602
1.103516
1.272461
1.128906
1.038086
1.000000
1.265625
1.231445
1.056641
1.236328
1.227539
1.139648
1.099609
1.177734
1.406250
1.062500
1.305664
0.993652
1.127930
1.158203
1.158203
1.083984
1.159180
1.304688
1.169922
1.408203
1.134766
1.091797
1.100586
0.961426
1.336914
1.103516
1.135742
1.121094
1.094727
1.205078
1.087891
1.061523
1.267578
1.111328
0.954102
1.175781
1.322266
1.299805
1.392578
1.042969
1.281250
0.996582
1.378906
1.229492
1.068359
1.213867
1.243164
1.032227
0.989746
1.160156
1.118164
1.208984
1.217773
1.203125
1.364258
1.438477
1.189453
1.179688
1.206055
1.015625
1.211914
1.159180
1.152344
1.373047
1.036133
1.153320
2.324219
1.168945
1.280273
1.154297
1.182617
1.320312
1.291992
1.242188
1.160156
1.323242
1.164062
1.045898
1.169922
1.115234
1.269531
1.236328
1.168945
1.230469
1.333008
0.875000
1.226562
1.070312
0.926270
1.304688
1.140625
1.269531
1.186523
1.204102
1.053711
1.484375
1.067383
1.291992
1.182617
1.144531
1.381836
1.117188
1.301758
1.838867
1.019531
1.207031
1.518555
1.116211
1.387695
1.146484
1.479492
1.605469
1.022461
1.267578
1.183594
1.208008
1.216797
1.114258
1.536133
0.932129
1.321289
1.380859
1.214844
1.134766
1.420898
1.354492
1.090820
1.129883
1.338867
1.369141
1.211914
1.035156
1.272461
1.019531
1.555664
1.091797
1.706055
1.331055
1.292969
1.273438
1.167969
1.124023
1.538086
1.957031
1.166992
1.212891
1.150391
0.880371
1.202148
1.191406
1.048828
1.237305
1.264648
1.049805
0.948242
1.042969
1.506836
1.232422
1.208984
1.216797
1.497070
1.158203
1.236328
1.142578
1.184570
1.280273
0.996582
1.199219
1.165039
1.148438
1.213867
1.315430
1.249023
1.287109
1.125977
0.919434
1.048828
0.968750
1.456055
1.274414
1.120117
1.225586
1.150391
1.098633
1.228516
1.313477
1.213867
1.354492
1.303711
1.148438
1.132812
1.089844
1.359375
1.274414
1.191406
1.213867
1.108398
1.363281
1.059570
1.238281
1.023438
1.357422
1.201172
1.154297
1.001953
0.970215
1.199219
1.045898
1.089844
1.180664
1.179688
1.067383
1.315430
1.169922
1.420898
1.143555
1.031250
1.000000
1.213867
1.166992
1.107422
1.125000
1.099609
1.157227
1.048828
1.238281
1.271484
1.144531
1.192383
1.272461
1.501953
1.354492
1.455078
1.067383
1.103516
1.175781
1.222656
0.936035
1.041016
1.234375
0.965332
1.305664
1.140625
1.104492
1.630859
1.169922
1.113281
1.082031
1.104492
1.262695
1.221680
1.339844
1.180664
1.410156
1.370117
1.300781
1.339844
1.148438
1.306641
1.087891
1.196289
1.206055
1.222656
1.185547
1.093750
1.102539
1.293945
1.670898
1.140625
0.996582
1.083984
1.139648
0.912598
1.170898
1.268555
1.419922
1.252930
1.147461
1.161133
1.543945
1.137695
1.409180
0.977539
1.156250
1.166016
1.042969
1.288086
1.114258
1.126953
0.877441
1.355469
1.258789
1.146484
1.280273
1.109375
1.145508
1.166016
1.229492
1.158203
1.199219
1.194336
1.181641
0.857910
1.470703
1.131836
0.881836
1.108398
1.425781
1.023438
1.231445
0.991211
1.237305
1.113281
1.174805
1.329102
1.031250
1.273438
1.273438
1.100586
1.456055
1.069336
1.176758
1.014648
1.351562
1.081055
1.170898
1.054688
1.180664
1.116211
1.091797
1.113281
1.423828
0.979492
1.393555
1.234375
1.383789
1.211914
1.294922
1.208008
1.248047
1.116211
1.051758
1.113281
1.174805
1.293945
1.208984
1.148438
1.495117
1.145508
1.181641
1.215820
1.083008
1.088867
1.129883
1.098633
1.206055
1.279297
1.108398
1.066406
1.090820
0.924316
1.437500
1.170898
1.144531
1.162109
1.302734
1.224609
1.145508
1.172852
1.012695
1.155273
1.231445
1.161133
1.122070
0.981934

Layer: model.8.m.0.cv1.bn
1.131836
1.213867
1.123047
1.126953
1.142578
1.240234
1.402344
1.356445
1.285156
1.379883
1.268555
1.220703
1.259766
1.186523
1.349609
1.200195
1.291016
1.169922
1.268555
1.347656
1.407227
1.349609
1.196289
1.300781
1.188477
1.319336
1.104492
1.309570
1.348633
1.289062
1.222656
1.374023
1.355469
1.256836
1.089844
1.367188
1.239258
1.157227
1.378906
1.246094
1.198242
1.455078
1.217773
1.247070
1.166016
1.325195
1.436523
1.448242
1.310547
1.236328
1.391602
1.062500
1.495117
1.281250
1.233398
1.122070
1.307617
1.205078
1.333984
1.276367
1.148438
1.259766
1.282227
1.274414
1.279297
1.218750
1.213867
1.161133
1.203125
1.208984
1.380859
1.274414
1.041016
1.495117
1.382812
1.186523
1.235352
1.085938
1.372070
1.067383
1.273438
1.210938
1.219727
1.220703
1.307617
1.256836
1.140625
1.299805
1.142578
1.104492
1.276367
1.233398
1.227539
1.227539
1.229492
1.257812
1.259766
1.320312
1.250977
1.337891
1.308594
0.491211
1.259766
1.120117
1.291992
1.205078
1.347656
1.169922
1.226562
1.410156
1.105469
1.400391
1.138672
1.119141
1.304688
1.295898
1.173828
1.266602
1.269531
1.287109
1.176758
1.282227
1.038086
1.409180
0.819824
1.111328
1.250977
1.271484
1.249023
1.379883
1.304688
1.242188
1.292969
1.165039
1.123047
1.291992
1.113281
1.103516
1.205078
1.319336
1.478516
1.376953
1.230469
1.242188
1.367188
1.276367
1.181641
1.104492
1.367188
1.155273
1.033203
1.193359
1.237305
1.328125
1.213867
1.209961
1.333008
1.110352
1.300781
1.406250
1.253906
1.238281
1.183594
1.211914
1.130859
1.180664
1.103516
1.064453
1.138672
1.117188
1.258789
1.177734
1.187500
1.616211
1.256836
1.280273
1.009766
1.243164
1.317383
1.095703
1.417969
1.151367
1.491211
1.076172
1.222656
1.274414
1.254883
1.353516
1.428711
1.201172
0.910156
1.272461
1.166992
1.149414
1.234375
1.295898
1.398438
1.307617
1.141602
1.359375
1.166992
1.199219
1.336914
1.308594
1.219727
1.250000
1.253906
1.410156
1.115234
1.227539
1.170898
1.284180
1.326172
1.579102
1.180664
1.290039
1.257812
1.383789
1.301758
1.267578
1.226562
1.268555
1.242188
1.090820
1.175781
1.159180
1.256836
1.406250
1.183594
1.031250
1.235352
1.317383
1.294922
1.272461
1.375977
1.206055
1.092773
1.080078
1.291016
1.258789
1.280273
1.250000
1.269531
1.233398
1.249023
1.230469
1.204102
1.281250
1.237305
1.281250
1.237305
1.193359
1.206055
1.032227
1.181641
1.335938

Layer: model.8.m.0.cv2.bn
1.405273
2.000000
1.240234
1.262695
1.922852
1.362305
1.456055
1.246094
1.580078
1.421875
2.400391
1.408203
1.459961
1.562500
1.304688
1.465820
1.191406
1.242188
1.295898
1.442383
1.359375
1.336914
1.320312
1.271484
1.299805
1.842773
1.289062
1.242188
1.211914
1.460938
1.451172
1.221680
1.798828
1.289062
1.497070
1.260742
1.326172
1.289062
1.491211
1.350586
1.587891
1.305664
1.734375
1.369141
1.237305
1.448242
1.574219
1.620117
1.218750
1.145508
1.451172
1.721680
1.495117
1.149414
1.289062
1.358398
1.317383
1.465820
1.202148
1.298828
1.572266
1.495117
1.535156
1.177734
1.300781
1.146484
1.356445
1.496094
1.399414
1.297852
1.254883
1.355469
1.411133
1.497070
1.598633
1.309570
1.153320
1.509766
1.183594
1.349609
1.445312
1.332031
1.234375
1.342773
1.425781
1.249023
1.125977
1.399414
1.441406
1.393555
1.308594
1.541992
1.475586
1.327148
1.499023
1.707031
1.390625
1.552734
1.382812
1.431641
1.340820
1.576172
1.142578
1.414062
1.695312
1.325195
1.337891
1.563477
1.456055
1.377930
1.008789
1.298828
1.767578
1.257812
1.278320
1.358398
1.333008
1.687500
1.843750
1.492188
1.239258
1.283203
1.596680
1.402344
1.583984
1.345703
1.545898
1.763672
1.421875
1.335938
1.250000
1.496094
1.512695
1.194336
1.362305
1.193359
2.271484
1.309570
1.475586
1.402344
1.411133
1.184570
1.308594
1.204102
1.423828
1.253906
1.184570
1.349609
1.367188
1.333008
1.479492
1.412109
1.398438
1.304688
1.377930
1.229492
1.251953
1.153320
1.455078
1.261719
1.207031
1.352539
1.180664
1.394531
1.607422
1.449219
1.502930
1.416016
1.561523
1.365234
1.245117
1.496094
1.458984
1.308594
1.331055
1.679688
1.240234
1.865234
1.199219
1.962891
1.260742
1.287109
2.199219
1.324219
1.367188
1.538086
1.362305
1.535156
1.681641
1.372070
1.381836
1.613281
1.481445
1.251953
1.311523
1.356445
1.525391
1.283203
1.296875
1.155273
1.485352
1.442383
1.235352
1.625000
1.570312
1.466797
1.247070
1.346680
1.477539
1.363281
1.567383
1.313477
1.529297
1.365234
1.907227
1.270508
1.396484
1.468750
1.304688
1.359375
1.175781
1.435547
1.590820
1.197266
2.222656
1.417969
1.300781
1.204102
1.444336
1.462891
1.269531
1.306641
1.461914
1.237305
1.109375
1.237305
1.233398
1.446289
1.287109
1.965820
1.686523
1.689453
1.466797
1.228516
1.171875
1.424805
1.409180
1.944336
1.405273
1.541992
1.419922
1.431641
1.436523
1.391602
1.452148
1.671875

Layer: model.9.cv1.bn
0.763672
0.963379
0.825195
1.013672
0.907715
0.889160
0.902832
0.955566
0.726074
1.036133
1.066406
0.793457
1.114258
0.994141
0.829102
0.962402
0.906738
0.952637
1.192383
0.698730
0.817871
0.791016
0.760742
1.093750
0.873535
0.799805
0.907715
0.729004
0.744141
1.052734
0.829590
1.366211
0.911133
0.976562
0.715332
1.237305
0.734375
0.876465
1.118164
0.790527
0.755371
0.803711
1.221680
0.945312
0.841797
0.708496
1.049805
0.918945
0.808594
1.077148
0.949219
0.723145
0.813477
0.777832
0.935547
0.800781
1.312500
1.099609
0.984863
0.752441
0.862793
1.062500
0.716309
1.029297
0.663086
0.845703
0.739746
0.750977
0.970703
0.750488
0.947754
0.878418
0.906250
0.768555
1.174805
1.000977
0.797852
1.069336
0.781250
1.055664
0.964355
1.019531
0.716309
0.908203
0.851074
0.872559
1.056641
1.344727
1.120117
0.683594
0.749512
1.038086
0.912598
0.792969
0.721680
0.811523
1.113281
0.797852
0.911133
0.822754
0.933105
0.814453
0.904297
0.821289
1.100586
0.806152
0.751953
0.678711
0.742188
0.746582
0.869141
0.979004
0.969238
0.791016
0.789062
0.791016
0.920410
1.156250
0.982422
0.887695
0.832031
0.729004
0.766602
0.895020
0.812988
0.850098
1.216797
0.932129
0.868652
1.124023
0.672363
0.847656
0.841797
1.135742
0.953613
0.701172
0.882324
0.786133
1.638672
0.705078
0.808105
1.021484
0.842285
0.838867
0.820312
0.979980
0.751953
1.040039
0.765625
0.889160
0.743652
0.865234
1.272461
0.818359
0.836426
0.832520
1.057617
0.845703
1.117188
1.014648
1.211914
0.993164
0.831055
0.933105
0.771973
0.728516
0.679199
0.747559
0.747559
1.122070
1.027344
1.180664
1.166992
0.751953
0.727051
0.972656
1.176758
0.748535
1.071289
0.776855
0.855469
0.820312
0.791992
0.878418
1.894531
0.901367
1.074219
1.042969
1.034180
0.713379
0.987305
0.962891
0.979492
0.909180
0.901367
0.673828
1.124023
0.814453
0.839355
0.932129
0.965820
0.958984
0.732910
0.960938
0.893555
0.831543
0.736328
0.951660
0.994141
1.032227
0.906250
0.968750
1.510742
0.717285
0.718750
0.791992
1.007812
0.817383
0.897461
0.955078
0.690430
0.897949
0.849609
0.709961
0.750977
0.982422
1.086914
0.786621
0.764648
0.854492
0.869629
0.847656
0.806641
1.366211
0.744629
1.001953
0.800781
1.229492
0.884766
0.796387
1.206055
0.826660
0.865234
0.841309
0.815430
1.122070
0.773926
0.962891
0.974609
0.818848
0.707031
0.850586
0.717285
0.823242
1.188477
0.872070

Layer: model.9.cv2.bn
1.143555
0.876953
1.220703
0.895508
1.048828
0.758789
1.060547
0.700195
1.208008
1.110352
1.117188
1.214844
0.887695
1.655273
1.104492
1.043945
0.905762
1.216797
0.971680
0.998535
1.017578
0.881836
0.968750
1.112305
1.202148
1.056641
1.054688
0.937500
0.916504
1.005859
1.209961
0.965820
0.974609
0.979492
0.986816
1.333984
0.943848
1.077148
1.123047
1.093750
1.234375
0.827637
1.301758
0.961426
1.237305
1.091797
1.550781
0.949707
0.881836
0.903809
0.901855
1.085938
1.327148
0.953125
1.015625
1.088867
1.017578
1.351562
1.103516
1.311523
0.930176
0.977539
0.834961
0.723145
0.968750
1.048828
0.851562
0.948730
0.965820
0.965332
0.950684
1.099609
1.003906
0.927246
0.972168
0.995605
0.931152
0.987305
0.980957
1.147461
1.103516
0.950195
0.911621
0.999023
0.993164
0.937988
0.979980
0.660645
0.884766
0.959961
0.984375
1.249023
0.975098
0.906250
1.359375
1.578125
0.890625
0.930176
1.012695
0.916992
0.884277
0.991699
0.912109
0.952637
1.222656
1.027344
1.089844
0.935547
0.878906
1.285156
0.752930
1.086914
0.991211
1.041016
0.843262
1.055664
1.042969
0.966309
1.257812
1.108398
0.972656
0.945801
0.777344
1.041992
1.062500
0.757324
0.937500
0.979980
1.178711
1.057617
0.989746
0.830078
0.920410
1.074219
1.127930
1.008789
0.842285
0.690430
1.126953
0.951660
0.954102
1.296875
1.083984
1.146484
1.032227
1.169922
0.924805
0.758301
1.006836
0.847656
1.004883
0.888184
0.796387
1.020508
1.252930
1.117188
0.906250
0.935059
1.172852
1.002930
0.769531
0.915527
1.129883
0.977051
0.997070
0.977051
0.987305
0.886719
0.875000
0.887695
0.653320
0.802246
1.028320
1.354492
0.842773
0.872559
1.269531
0.929688
0.867676
1.169922
0.925781
1.133789
0.788086
0.879883
1.077148
1.136719
1.048828
0.819824
1.242188
1.048828
0.865234
0.859375
0.945312
1.205078
1.006836
1.143555
1.232422
0.862305
1.026367
0.820801
0.877930
1.076172
0.857422
1.255859
0.921875
0.955566
0.976074
0.936035
0.871094
0.974609
0.979492
1.136719
1.026367
0.763184
0.947754
0.905273
0.811523
0.911133
1.094727
0.909668
0.777344
0.873535
0.895020
0.934082
0.874023
1.143555
1.074219
0.837891
1.031250
0.971680
0.875000
0.898926
1.108398
1.080078
0.995605
1.073242
1.198242
0.856445
1.267578
0.969727
0.859863
0.812500
0.991211
0.930176
0.982910
0.824707
1.055664
1.283203
1.215820
0.837891
1.109375
1.241211
0.976562
0.881836
1.182617
1.151367
1.060547
0.912109
1.142578
1.125000
0.918945
1.046875
0.945801
0.990723
1.369141
0.641113
0.823730
1.299805
0.954102
0.830078
1.200195
1.004883
0.843750
1.067383
1.151367
0.909668
1.120117
0.753418
1.146484
0.880859
0.941895
0.895996
1.208008
0.936035
1.028320
0.909180
0.991699
1.018555
1.101562
1.008789
1.004883
0.851074
0.806641
0.884277
0.991211
0.873047
0.793457
0.887695
1.053711
0.972656
1.264648
1.287109
1.178711
0.907227
1.102539
0.950195
0.941895
0.986328
1.096680
0.884277
0.899414
0.943848
1.114258
0.908691
1.131836
0.933105
0.937988
0.848633
0.908203
0.791992
0.939941
0.947754
0.687012
1.065430
0.887695
1.034180
0.867188
0.975586
0.844238
0.970703
1.116211
1.275391
1.125977
0.933594
1.126953
1.020508
1.008789
1.353516
0.920898
1.074219
0.813477
1.195312
0.884277
0.923340
1.014648
1.047852
0.995117
0.847168
0.949219
1.220703
1.286133
1.025391
0.906250
1.151367
1.055664
1.092773
1.069336
0.639648
1.230469
0.917969
1.082031
1.250000
1.009766
0.768066
1.121094
0.991211
1.479492
1.073242
1.221680
1.072266
1.496094
0.963379
0.897949
1.439453
0.915527
1.190430
1.069336
1.026367
0.858398
0.956055
0.945801
0.937988
0.888184
0.862305
1.181641
0.919922
0.838379
1.123047
1.046875
1.021484
0.914062
1.489258
0.992676
0.893555
0.917480
1.376953
1.003906
1.036133
0.737793
1.037109
0.999023
0.901367
1.079102
1.095703
1.360352
1.021484
1.003906
0.877441
0.836426
1.375977
1.029297
1.004883
0.975586
0.999512
0.729980
1.042969
1.184570
1.020508
0.928711
0.945312
0.942383
0.777832
1.059570
0.988281
0.930664
1.001953
0.877441
1.105469
1.049805
0.797852
0.978027
0.931641
1.296875
0.951660
1.243164
1.136719
0.786621
0.888672
0.995605
0.931641
0.705078
1.364258
1.107422
1.214844
1.047852
0.955078
1.071289
1.094727
1.070312
1.331055
0.929199
1.146484
0.937988
1.076172
0.875977
0.850098
0.725098
1.122070
1.004883
1.073242
0.932129
0.898926
0.858398
0.956543
1.296875
1.006836
0.664062
1.071289
0.834473
1.186523
1.076172
1.002930
1.057617
1.109375
0.880371
0.815430
1.136719
1.017578
1.130859
0.903320
1.220703
0.974121
1.266602
0.918945
1.002930
0.875000
0.951660
0.541504
0.854492
0.951172
1.189453
0.903320
0.880859
0.869141
2.056641
1.003906
0.812988
0.959961
1.104492
1.128906
1.039062
0.884766
1.196289
0.841797
0.980469
0.889648
1.026367
0.979492
1.016602
0.908203
1.072266
1.021484

Layer: model.10.bn
0.996094
0.920898
1.218750
1.071289
1.185547
0.972656
1.164062
1.037109
1.232422
1.083008
1.247070
1.031250
0.929688
0.888184
1.048828
0.747559
1.009766
1.134766
0.929688
1.500000
1.096680
1.022461
1.033203
1.130859
1.006836
1.228516
1.292969
0.945801
0.957520
0.755859
1.022461
1.158203
1.076172
1.246094
1.143555
0.979980
1.415039
1.097656
0.560059
0.973145
1.048828
1.097656
0.883301
1.027344
1.131836
1.050781
1.091797
0.856445
1.225586
1.170898
0.824707
1.166016
1.018555
0.777344
1.029297
1.000977
0.755859
1.081055
1.244141
1.100586
1.046875
1.135742
1.069336
0.991211
0.860840
1.575195
0.600098
0.983887
0.826660
1.117188
0.987793
1.066406
1.104492
0.840332
0.861816
1.285156
1.040039
0.564453
1.335938
1.152344
0.808105
1.048828
0.935547
1.112305
1.077148
0.952148
1.218750
1.103516
0.876465
0.969238
0.983398
0.797852
1.135742
1.233398
1.020508
0.625977
1.160156
0.721191
0.853516
0.706055
0.936035
0.811523
1.125977
1.337891
1.127930
0.962402
0.984863
1.190430
1.380859
1.016602
1.363281
0.893066
1.230469
0.857422
0.655762
1.028320
1.044922
0.775879
1.200195
1.077148
1.127930
1.163086
0.658203
1.008789
1.339844
0.654297
1.375000
1.097656
0.621094
1.324219
1.148438
1.378906
1.103516
1.151367
1.184570
1.186523
1.222656
1.169922
1.205078
1.104492
1.258789
0.892090
0.569336
1.058594
1.170898
1.489258
0.919922
1.462891
1.058594
1.031250
1.036133
1.069336
1.124023
1.169922
0.935059
1.179688
0.851074
1.182617
0.636719
0.976562
1.019531
1.060547
1.141602
0.799316
1.054688
1.162109
0.976562
1.269531
0.855469
1.197266
0.645020
0.693848
0.881836
1.119141
1.158203
0.921387
1.207031
1.035156
1.077148
0.787598
0.968262
1.234375
0.917969
0.740234
0.979004
1.089844
1.031250
0.989746
1.072266
1.082031
1.066406
0.608398
0.980469
0.938965
0.632324
1.042969
1.339844
1.105469
1.330078
0.968750
0.950195
1.073242
1.072266
1.118164
1.199219
0.971191
1.030273
0.767090
0.864746
0.982910
1.020508
0.955078
1.135742
0.935547
1.037109
0.909180
0.870605
0.958008
1.082031
1.089844
0.922852
0.523438
0.891113
0.966797
0.908691
0.873047
1.235352
0.983887
1.048828
0.937012
0.997070
1.356445
1.041992
1.072266
1.048828
0.811035
1.041016
0.815918
0.906738
1.129883
0.845215
0.950684
1.294922
0.902832
1.109375
1.153320
0.846680
1.048828
1.093750
0.937500
0.959473
0.989258
1.110352
0.753906
0.705566
0.904297

Layer: model.13.cv1.bn
0.879883
0.798828
0.819336
0.579102
0.726562
0.885742
0.837891
0.708984
0.617676
0.666992
0.445068
0.687988
0.818848
0.962891
0.568359
0.800781
0.847656
0.515625
1.072266
0.721680
0.687988
0.594727
0.567871
0.722656
0.765137
0.743164
0.867676
0.961426
0.856934
0.850586
0.613281
0.833984
0.432617
0.886230
0.777832
0.877441
0.621582
0.734375
0.748047
0.722168
0.452148
0.390625
0.916504
0.649414
0.717773
0.921387
0.422119
0.808105
0.794922
0.726074
0.614746
0.845215
0.812500
0.422363
0.875488
0.377441
0.995605
1.247070
0.848145
0.857910
0.713379
0.719238
1.346680
0.552734
0.463867
0.969727
0.983398
0.573730
0.988770
0.721680
0.456299
0.866211
0.559082
0.857910
0.895020
0.954590
0.780273
0.921387
1.053711
0.804199
0.885254
0.833008
0.776855
0.923340
0.761230
0.817871
0.870605
0.742676
0.883789
1.045898
0.748535
0.857422
0.660645
0.839355
0.510254
0.390625
0.939941
0.629883
0.515137
0.471924
0.601562
0.803223
0.802734
0.776367
0.742676
0.853027
0.404297
1.049805
0.833008
0.993652
0.858887
0.844238
0.768555
0.441162
0.970703
0.523438
0.769043
1.037109
0.763184
0.514160
0.898438
0.649414
1.014648
0.402832
0.638672
0.835938
0.791992
0.781738

Layer: model.13.cv2.bn
0.799805
0.918457
0.898438
0.804688
0.818848
0.936035
0.837891
0.791016
0.866699
0.655762
0.791992
0.867676
0.621094
0.711426
0.883301
0.858398
0.870605
0.828125
0.561035
0.833984
0.933105
0.903809
0.737793
0.780273
1.002930
0.518555
0.481934
0.973633
1.150391
0.885742
0.867188
0.772461
0.558594
0.815918
0.700684
0.751465
1.003906
0.906250
0.904785
1.180664
0.788574
0.538086
0.520996
0.565430
0.852539
1.061523
0.912109
0.906738
0.924316
0.502930
1.131836
0.489746
0.814453
0.965332
1.009766
0.754395
0.863770
0.827637
0.684570
1.021484
1.020508
0.723633
0.912109
0.802734
0.827637
1.342773
0.880371
0.782715
0.920410
0.936523
0.786621
0.826172
1.001953
0.932129
0.983398
0.826660
0.779785
0.843262
0.788086
0.776367
0.714844
0.949707
0.843750
0.813965
0.759277
0.834961
0.955078
0.880859
0.868164
0.570312
0.901855
0.946289
0.984375
1.053711
0.861816
1.217773
0.777344
0.756348
0.828125
0.711914
0.868164
1.036133
0.902344
0.986328
0.777832
0.813965
0.839355
0.890137
0.618164
0.862305
1.124023
0.900879
0.836426
0.976074
0.479004
1.038086
0.792480
1.148438
0.880371
1.050781
1.211914
0.995605
0.905273
1.078125
0.988770
0.944336
0.835938
0.838379

Layer: model.13.cv3.bn
0.805664
0.872559
0.840332
0.795410
0.890137
0.904297
0.895020
0.829102
0.938477
1.039062
1.113281
0.904785
0.576172
0.933105
1.322266
0.833984
1.021484
0.864746
1.066406
0.956055
0.949219
0.862305
1.069336
0.814453
0.710449
0.744141
0.710449
0.731445
0.755859
1.114258
0.769531
1.163086
1.120117
0.945801
0.904785
1.045898
0.909180
1.426758
1.072266
0.718750
0.895508
1.305664
1.020508
0.938965
1.052734
0.990234
0.924805
0.995117
0.881836
1.060547
1.230469
1.029297
1.094727
1.083984
0.851074
1.073242
1.128906
0.968262
0.775879
0.997559
0.868164
0.867676
1.021484
0.972656
0.868164
1.160156
0.926758
1.065430
1.099609
1.060547
0.722168
0.696289
0.919434
0.851562
0.898438
1.005859
0.910156
1.116211
1.083984
0.786133
1.285156
1.252930
1.112305
0.638672
1.285156
1.025391
0.933105
0.916504
0.816406
1.213867
1.092773
0.863281
0.634277
0.798340
0.908691
1.408203
1.055664
0.745117
0.720703
0.636719
0.871094
0.991211
0.832520
1.006836
0.944824
0.817383
0.805176
0.879395
1.005859
0.852051
0.839844
0.851074
1.205078
0.916504
0.911133
0.961426
0.973633
0.904785
1.011719
0.823730
0.987305
1.028320
0.962402
0.998535
0.931641
1.311523
0.993164
1.070312
0.939453
0.955566
0.943359
1.352539
1.071289
1.104492
1.738281
1.216797
0.842285
1.255859
0.946289
1.030273
1.011719
0.799316
0.813477
0.692871
1.086914
0.934082
1.169922
0.891113
1.025391
0.908203
0.797363
0.975098
0.923828
0.709473
1.152344
0.770020
1.187500
0.958984
0.851562
1.168945
1.079102
1.061523
0.998047
0.986328
1.014648
0.810059
1.090820
0.968750
1.053711
1.035156
0.853027
0.880859
0.798340
1.165039
0.728027
1.179688
0.940918
0.773438
0.777832
0.790527
1.436523
1.034180
0.812988
0.586914
0.743652
0.842773
0.704590
0.772461
1.063477
0.976562
1.088867
0.741699
1.061523
0.895020
0.657715
1.203125
1.026367
0.998535
0.695801
0.795410
0.927734
0.984375
1.021484
0.950684
0.841309
0.992188
1.207031
0.946289
0.870117
0.799805
1.041016
0.827637
0.781250
0.770508
0.850586
0.953613
0.904785
1.041992
0.873535
0.956543
0.897949
0.946777
0.887207
0.824707
0.978516
1.171875
1.073242
0.960938
0.825195
0.977539
1.088867
0.863281
1.278320
0.748535
1.052734
1.024414
1.095703
0.983398
1.083984
1.157227
1.002930
0.863770
0.913574
0.953613
1.173828
0.907227
1.102539
1.091797
0.840332
0.776855
0.819824
0.978027
0.990234
0.971191
0.917969
0.767578

Layer: model.13.m.0.cv1.bn
0.903320
0.779785
0.870605
0.937012
0.569336
0.684570
0.923828
1.053711
0.935059
0.776855
0.861328
1.004883
0.850098
0.851562
0.827637
0.816895
0.509277
0.847656
0.482910
0.867676
0.724121
0.870605
0.986816
0.921875
1.039062
1.072266
0.530762
1.008789
0.757324
0.746582
0.822266
1.090820
0.940430
0.910156
0.435547
0.859375
1.098633
0.728027
0.785645
0.903320
0.525879
0.939941
0.772949
0.783691
0.795410
0.962402
0.944824
0.801270
0.791016
0.767090
0.766602
0.709961
0.428955
0.895020
0.924805
0.416504
0.909180
0.840332
0.828613
1.074219
0.864746
0.881836
0.689453
1.238281
0.699707
0.766602
0.817871
1.008789
0.786133
0.873535
0.941406
0.715332
0.938477
0.951172
0.736328
0.900879
0.791992
0.873047
0.710938
0.848145
0.656738
0.806152
0.955566
0.838379
1.012695
0.827637
0.685059
0.829102
0.821289
0.660645
0.625977
0.771484
0.783203
0.754883
0.890625
0.768555
0.620605
0.923340
0.439453
0.687012
0.722656
0.944336
1.016602
0.734375
0.972168
0.698242
0.381592
0.838379
0.759766
0.759277
0.971680
0.971191
0.980957
0.783691
0.689941
0.840332
0.874023
0.846680
1.020508
0.595215
0.923340
1.044922
0.596680
0.467285
0.693848
0.744141
0.988770
0.806641

Layer: model.13.m.0.cv2.bn
0.663574
0.912598
1.107422
1.161133
1.145508
0.731445
0.925293
0.646973
0.755859
0.956055
0.730469
0.732422
0.675781
0.587402
0.882812
0.489014
0.971680
0.946289
0.738281
0.960449
0.842285
0.865723
0.691406
0.848145
0.632812
0.895996
0.791016
0.579590
0.990234
0.967773
0.850586
0.861328
0.883301
0.942383
0.995117
0.629883
0.501465
0.828125
0.992676
0.549316
1.019531
0.839355
0.540527
0.708008
0.985840
0.583984
0.584473
1.050781
0.968750
1.002930
0.865723
0.787598
0.884277
0.636230
1.067383
0.859863
0.905273
0.780762
1.008789
0.777832
0.699219
0.860840
0.941895
0.681641
0.758301
0.760742
0.764160
0.778809
0.748047
0.899902
0.530273
0.817871
0.548340
1.022461
0.653320
0.585449
0.632324
1.012695
0.803711
0.718262
1.014648
0.863281
0.741211
0.939453
1.073242
0.673340
0.803223
0.877930
0.836426
1.008789
0.811035
0.612305
1.118164
1.036133
1.164062
0.894043
0.808594
0.490234
1.032227
0.717285
0.631836
0.924805
0.929199
0.773926
0.616699
0.650391
0.780273
0.910156
0.768066
0.501953
1.025391
0.810059
1.043945
0.518555
0.836426
1.039062
0.582520
0.544434
0.800293
0.696289
0.777832
1.053711
0.688477
0.876953
0.962891
0.548340
0.809570
1.143555

Layer: model.14.bn
0.907227
0.800781
0.691406
0.759766
0.672852
0.547852
0.690430
0.492432
0.735840
0.718750
0.768555
0.550293
0.623047
0.784180
0.636230
0.812012
0.915039
0.835449
0.645508
0.635742
0.690430
0.497559
0.833008
0.701172
0.737305
0.674316
1.022461
0.498047
1.103516
0.646973
0.466797
0.677734
0.691406
0.610840
0.473389
0.729004
0.796387
0.845703
0.481445
0.584961
0.494141
0.706055
0.789551
0.714355
0.879883
0.969238
0.433594
0.957031
0.960938
0.584961
0.554688
0.637207
0.788086
0.571289
0.753418
0.911621
0.646973
0.623047
0.707031
0.526367
1.005859
0.585938
0.632812
0.672852
0.782715
0.687012
0.541504
0.802246
0.564941
0.589355
0.631348
0.845215
0.747070
0.507324
0.769043
0.971191
0.368896
0.652832
0.813477
0.906738
1.024414
0.863281
0.656738
0.496094
0.657715
0.727539
0.841309
0.569336
1.013672
0.608887
0.817871
0.791992
0.856934
0.590332
0.693848
0.873535
0.843262
0.758301
0.646973
0.589844
0.918457
0.512207
0.964844
0.625000
0.545898
0.733398
0.712891
1.268555
0.579590
0.663086
0.894043
0.484375
0.669922
0.665039
0.619629
0.596191
0.523438
0.551758
0.495117
0.552734
0.751953
0.580078
0.522949
0.720215
0.544922
0.877441
0.647461
0.630371

Layer: model.17.cv1.bn
0.658691
0.307617
0.325195
0.497559
0.415283
0.227173
0.557129
0.611816
0.734863
0.336182
0.661621
0.358643
0.564941
0.521484
0.504395
0.456543
0.436035
0.281982
0.588379
0.804688
0.320801
0.493896
0.184082
0.437744
0.423096
0.498535
0.251221
0.524414
0.477783
0.281494
0.553223
0.311035
0.306885
0.367432
0.348877
0.567383
0.493652
0.547363
0.523926
0.482666
0.599121
0.599121
0.236816
0.255371
0.342529
0.453857
0.729492
0.738770
0.570312
0.299316
0.770996
0.315918
0.595215
0.540039
0.475586
0.578125
0.278564
0.508301
0.485107
0.352051
0.792969
0.577637
0.316162
0.456055

Layer: model.17.cv2.bn
0.523926
0.601562
0.601074
0.557617
0.662598
0.965820
0.741211
0.580078
0.695801
0.672363
0.732422
0.559570
0.803223
0.621582
0.717285
0.621094
0.611816
0.528809
1.049805
0.816406
0.638184
0.746582
0.491943
0.566895
0.612793
0.619629
0.614746
0.803711
0.593262
0.791504
0.642578
1.151367
0.764160
0.810059
0.705078
0.587891
0.770020
0.736816
0.645508
0.538086
0.727051
0.635742
0.655273
0.724609
0.654785
0.811523
0.669434
0.679688
0.651855
0.816895
0.572266
0.674805
0.638672
0.646484
0.563477
0.621582
0.607910
1.718750
0.749512
0.666016
0.703125
0.640137
0.667480
1.083984

Layer: model.17.cv3.bn
0.855957
2.492188
2.605469
2.359375
1.478516
1.940430
2.560547
1.628906
0.901855
1.497070
2.085938
1.825195
1.833008
2.015625
2.302734
2.126953
2.353516
0.826172
1.907227
2.164062
1.133789
2.570312
1.650391
2.269531
2.677734
2.501953
2.097656
1.688477
1.481445
1.678711
2.257812
2.123047
2.365234
1.959961
2.261719
0.958496
2.791016
0.898926
2.025391
1.253906
2.488281
1.636719
2.193359
1.237305
0.951172
0.967773
1.681641
2.589844
1.706055
1.201172
1.870117
1.120117
2.076172
2.566406
2.035156
1.452148
2.867188
0.743164
1.927734
1.310547
2.509766
2.974609
2.552734
2.328125
2.314453
1.774414
1.477539
1.797852
1.339844
1.885742
2.621094
1.691406
1.501953
2.160156
1.506836
2.886719
2.029297
1.171875
1.454102
1.409180
2.103516
1.432617
2.169922
2.371094
1.833008
0.892578
1.533203
2.435547
1.669922
1.462891
1.827148
1.350586
2.115234
1.741211
1.948242
2.212891
1.183594
1.725586
1.989258
2.718750
1.750000
1.523438
2.826172
2.216797
1.148438
2.218750
2.457031
2.345703
2.144531
2.660156
1.058594
0.883301
1.411133
1.935547
1.471680
1.901367
2.294922
2.107422
2.289062
1.580078
2.392578
1.480469
2.289062
0.959961
1.920898
2.042969
1.663086
2.222656

Layer: model.17.m.0.cv1.bn
0.718750
0.597168
0.661133
0.556641
0.532227
0.585938
0.685547
0.654297
0.585938
0.513184
0.564941
0.173584
0.303711
0.622559
0.573730
0.650879
0.673340
0.325684
0.479004
0.745605
0.681641
0.323975
0.766602
0.512207
0.221558
0.413818
0.854492
0.247559
0.365723
0.617676
0.635254
0.622070
0.414062
0.488770
0.327637
0.557129
0.486572
0.351807
0.403809
0.729004
0.799805
0.761230
0.482666
0.680176
0.656738
0.560547
0.301514
0.653809
0.837891
0.650391
0.482910
0.624023
0.469727
0.669434
0.663086
0.342041
0.570801
0.655273
0.386475
0.626465
0.441406
0.687988
0.468018
0.449951

Layer: model.17.m.0.cv2.bn
1.063477
0.880859
0.920410
1.471680
0.497070
0.783691
0.689453
0.676270
0.644531
0.931152
1.191406
0.747559
0.681152
0.972168
0.728516
1.080078
0.702148
0.829102
0.598633
0.731934
0.781250
0.623047
0.677734
0.683105
1.320312
0.532227
0.627441
0.713867
0.878906
0.967773
1.263672
1.718750
0.489258
0.492920
1.304688
0.659180
0.807617
0.834473
0.776855
0.601074
0.693359
0.877441
0.756836
0.543457
0.945801
0.851074
0.999023
0.614258
0.758789
1.075195
0.773438
0.790039
0.658203
0.579590
0.844238
0.840820
0.752930
0.743652
0.853027
0.766113
0.915039
0.564453
1.194336
0.733887

Layer: model.18.bn
0.665527
0.695312
1.016602
0.976562
0.580078
0.986816
0.707520
0.564941
0.751953
0.969238
1.061523
0.575684
0.649414
0.977539
0.599121
0.843750
0.863770
1.037109
0.992188
1.040039
0.666016
1.074219
0.611816
0.693848
1.031250
0.564941
0.643555
0.817871
0.714355
1.060547
0.644531
0.735352
0.978516
0.906738
1.066406
1.039062
0.659668
0.527832
0.723145
1.159180
1.021484
0.824219
0.832520
0.901855
1.258789
0.896973
0.671387
0.946777
0.710938
0.634277
1.250977
0.484863
0.915039
0.820312
0.624512
0.970215
0.701660
0.770020
1.028320
0.897949
1.065430
1.101562
1.417969
0.706055
0.711914
0.990234
1.036133
0.864746
0.684570
0.950195
0.834961
0.832031
0.836426
1.135742
1.238281
1.167969
0.845215
1.217773
0.700684
1.260742
1.089844
0.903809
0.491211
0.798828
1.011719
0.904297
0.799805
0.707031
0.880859
1.040039
0.734375
1.121094
0.752441
0.493896
1.054688
0.529297
1.052734
0.549805
0.637207
0.826172
0.653809
1.020508
0.375000
0.857422
0.828613
0.622070
0.478271
1.206055
0.794922
0.581055
0.483398
1.087891
0.613770
0.614746
0.592773
0.687988
0.965332
0.695801
1.255859
0.828125
1.011719
1.206055
0.601562
1.128906
1.156250
0.714844
1.286133
1.323242

Layer: model.20.cv1.bn
0.634766
0.858887
0.849609
0.954590
0.630859
0.876465
0.637207
0.726074
0.641113
0.966309
0.735840
0.813477
0.737793
0.582520
0.915039
0.789551
0.797852
1.009766
0.862793
0.844238
0.647461
0.697754
0.853027
0.675781
0.913574
0.658203
0.607422
0.846680
0.698242
0.758301
0.898438
0.743652
0.705078
0.943848
0.628906
0.691406
0.812988
0.780273
0.803223
0.886230
0.873047
0.737305
0.829590
0.732422
1.034180
0.846191
0.911133
0.717285
0.780273
1.050781
0.730957
0.699707
0.883789
0.726562
0.610352
0.967773
0.869141
0.742676
1.619141
0.829590
0.895508
0.906738
0.665527
0.915527
0.853516
0.972656
0.936523
0.846680
0.568359
0.926270
0.743652
0.778320
0.815918
0.875977
0.738770
0.562500
0.632324
0.598145
0.890137
0.852539
0.678711
0.622070
0.984863
0.818359
0.868652
1.002930
1.121094
0.931641
0.783203
0.664062
0.844238
0.883789
0.796875
0.810059
1.021484
0.991211
1.085938
0.910156
0.725098
1.074219
0.931152
0.776367
0.535645
0.869629
0.582520
0.838379
0.952148
0.625488
0.794922
1.164062
0.811523
0.809082
0.903320
0.973633
0.812012
0.610840
0.973145
0.894043
0.821777
0.822754
0.786621
1.031250
0.978516
0.668457
0.552734
0.827148
0.728027
0.926270

Layer: model.20.cv2.bn
0.733398
0.663086
0.937012
0.753418
0.697266
0.801758
0.810547
0.730957
0.714355
0.775879
0.831543
1.932617
0.819824
0.702637
0.874023
0.802246
0.823242
0.689941
0.686035
0.890137
0.645508
0.791992
0.723633
0.725586
1.116211
0.790527
0.877441
0.779785
0.858398
0.799805
0.921387
0.676758
0.712402
0.760254
0.771973
0.900879
0.793457
0.823242
0.736328
0.754883
0.851562
0.830078
0.647949
0.701660
0.826660
0.885742
0.889160
0.834961
0.854004
0.709961
0.737305
0.695801
0.932617
0.743164
0.857422
0.961914
0.759277
0.686035
0.767578
0.820801
0.694824
0.751465
0.714355
0.963379
0.672363
0.777832
0.722168
0.678711
0.829102
0.711426
0.861816
0.865234
0.683594
0.864258
0.676270
0.689453
0.712402
0.802246
0.990723
0.716797
0.873047
0.662598
1.035156
0.710449
1.998047
0.757324
0.639648
0.665039
0.632324
0.732910
0.975586
0.846191
0.678711
0.603516
0.835449
1.065430
1.403320
0.895996
0.746582
0.804199
0.741699
0.885254
0.889648
0.710938
0.928223
0.648438
0.692871
0.558105
0.724609
0.751465
0.609375
0.876465
0.770508
0.805176
0.797852
0.674805
0.779297
0.739258
0.732910
0.726562
0.770996
0.746094
0.711426
0.898438
0.895020
0.772461
0.729980
0.813477

Layer: model.20.cv3.bn
2.224609
1.622070
1.657227
1.869141
0.854980
1.349609
1.832031
1.667969
1.693359
1.273438
1.681641
0.901855
1.033203
0.768066
1.818359
1.874023
2.138672
1.737305
1.896484
1.527344
2.386719
0.947754
2.039062
0.918457
0.892090
1.777344
2.218750
1.418945
2.595703
1.447266
2.039062
1.872070
1.265625
1.507812
1.653320
1.195312
1.041992
1.420898
1.902344
1.576172
0.690918
1.495117
2.332031
1.871094
1.663086
1.399414
1.129883
1.555664
2.167969
2.023438
1.679688
1.104492
1.842773
1.256836
2.742188
1.457031
1.224609
1.365234
0.913086
1.412109
2.205078
1.253906
1.107422
2.185547
1.433594
2.181641
1.586914
2.019531
0.998535
2.224609
1.849609
1.071289
2.111328
1.626953
1.283203
1.208984
1.603516
1.154297
1.523438
2.220703
1.353516
1.265625
1.478516
1.315430
1.482422
2.265625
1.693359
1.739258
1.783203
2.105469
2.042969
2.208984
1.981445
1.610352
1.578125
1.887695
1.213867
1.922852
1.020508
2.402344
1.507812
2.119141
1.521484
1.482422
1.753906
1.751953
1.626953
1.819336
1.414062
1.307617
1.390625
1.212891
1.539062
1.571289
1.457031
1.090820
1.708984
0.773926
1.611328
1.127930
2.259766
1.422852
2.261719
1.259766
1.939453
2.162109
1.636719
1.961914
1.291992
2.261719
1.983398
0.933594
2.320312
0.895020
1.396484
0.514160
1.778320
2.181641
1.249023
1.349609
2.015625
1.444336
1.614258
1.987305
1.798828
1.052734
1.436523
1.465820
0.789062
1.675781
2.583984
1.669922
1.468750
2.246094
1.560547
1.262695
1.702148
1.574219
1.568359
1.967773
1.937500
1.709961
2.355469
1.272461
1.363281
1.325195
1.417969
1.088867
1.340820
1.608398
1.217773
0.842285
2.990234
1.778320
2.005859
2.232422
1.350586
1.203125
1.011719
1.457031
1.809570
1.314453
2.117188
1.913086
1.503906
2.943359
1.375000
1.848633
1.160156
1.932617
1.301758
1.174805
2.171875
1.144531
1.815430
1.344727
1.905273
1.623047
1.665039
1.835938
1.289062
1.436523
1.319336
1.748047
1.174805
1.672852
2.078125
1.087891
1.606445
1.594727
1.591797
1.746094
1.552734
1.124023
1.322266
1.507812
1.912109
0.905273
1.120117
0.760254
2.257812
1.320312
1.011719
1.551758
0.892090
1.884766
1.563477
0.912598
1.123047
1.539062
2.029297
1.397461
1.173828
2.494141
1.505859
1.800781
0.740234
1.583984
1.719727
1.405273
1.054688
1.094727
1.295898
1.326172
1.648438
0.667969
1.345703
1.719727
1.304688
1.229492
1.578125
2.070312
0.618164
1.374023
1.384766
1.416992

Layer: model.20.m.0.cv1.bn
0.462646
0.689941
0.746094
0.457520
0.675293
0.651855
0.583008
0.552246
0.352051
0.690430
0.463623
0.610840
0.511230
0.646973
0.604004
0.629395
0.706543
0.585938
0.694824
0.668457
1.148438
0.574707
0.508301
0.919434
0.565430
0.886230
0.832520
0.934570
0.636230
0.705078
0.631836
0.974121
0.654297
0.742676
0.896484
0.334229
0.641113
0.666992
0.685059
0.600586
0.847168
0.913086
0.511719
0.826172
0.875000
0.696289
0.610352
0.773438
0.555664
0.389893
0.679199
0.576660
0.797852
0.791992
0.646484
1.164062
0.652344
0.674805
0.654297
0.635254
0.766602
0.671387
0.704590
0.882324
0.854980
0.745117
0.661621
0.529785
0.803711
0.633789
0.607422
0.763672
0.643555
0.808105
0.629883
0.940430
0.804688
0.429932
0.766113
0.592773
0.777832
0.719238
0.735352
0.724121
0.791504
0.711914
0.828125
0.708008
0.731934
0.888184
0.709961
0.947754
0.624512
0.714844
0.655273
0.569336
0.818848
0.640137
0.614258
0.759766
0.631836
0.782227
0.736328
0.773926
0.784668
0.643066
0.706055
0.768555
0.612793
0.593750
0.942871
0.497803
0.605957
0.687988
0.632324
0.675781
0.462402
0.280762
0.802246
0.565918
0.810547
0.721191
0.719727
0.475098
0.683105
0.910645
0.773438
0.943359

Layer: model.20.m.0.cv2.bn
1.236328
1.110352
0.958496
0.921875
0.803711
1.085938
0.800781
1.166016
0.605957
1.088867
1.000977
1.127930
1.149414
1.011719
1.618164
0.939453
1.012695
1.003906
1.058594
0.961426
0.582031
0.876953
1.037109
0.826660
1.070312
1.163086
0.498535
0.783691
0.725098
1.234375
0.541504
0.616211
0.962402
0.795410
0.916504
0.739746
0.932617
0.569824
0.822754
1.563477
1.575195
0.843750
0.809570
1.457031
1.505859
1.354492
1.026367
0.917969
1.061523
0.939453
1.273438
1.187500
0.967773
1.220703
1.095703
1.341797
1.331055
1.060547
0.851074
0.893555
1.069336
1.038086
0.770996
0.898438
1.098633
0.986816
0.642090
1.028320
0.917969
1.175781
0.892090
1.079102
1.375977
0.860840
1.055664
0.976074
0.566406
1.103516
0.878906
0.938477
0.917480
0.994629
0.713867
0.909180
1.677734
1.585938
0.695801
1.344727
0.990234
0.870117
0.901367
1.132812
1.341797
0.625977
0.962891
0.669922
0.687988
1.989258
0.943359
1.223633
1.059570
0.793945
0.812988
0.821289
1.107422
0.898926
1.303711
0.907227
0.666504
1.023438
1.243164
1.116211
0.921387
1.077148
1.309570
1.060547
1.262695
1.050781
1.099609
1.046875
1.432617
1.099609
0.573730
1.052734
0.828613
1.337891
0.928223
1.415039

Layer: model.21.bn
1.113281
0.821289
0.809082
0.943848
1.362305
0.840820
1.103516
1.268555
1.075195
0.948242
0.841797
0.898926
1.058594
0.927734
0.717773
1.479492
1.051758
0.670410
1.255859
1.057617
1.109375
0.887695
0.836914
0.585449
1.091797
0.971680
0.960449
1.021484
0.858398
1.045898
1.057617
0.988770
1.016602
0.754883
0.908203
0.705566
1.331055
0.786621
0.793457
1.155273
0.893555
0.854980
1.146484
0.564941
1.314453
0.732910
0.750488
0.912109
0.987793
0.773438
1.034180
0.923828
1.136719
1.083984
0.646973
0.814941
0.817383
0.925293
0.896484
1.020508
0.863770
0.968262
1.083008
0.806641
0.951172
0.962891
0.876953
1.007812
0.722656
0.780762
0.928223
0.999023
1.092773
0.869141
1.065430
0.969238
0.903320
1.267578
1.087891
0.821777
0.903320
1.095703
0.806152
0.835449
1.077148
1.018555
0.792480
0.735840
1.201172
1.165039
1.045898
1.240234
0.939453
0.750488
1.515625
0.990723
0.975586
0.860352
0.925293
1.103516
0.855469
0.785645
0.973633
0.968262
0.894043
0.927246
0.743164
1.527344
1.085938
0.801270
1.080078
0.689453
1.255859
1.030273
0.884277
1.108398
1.021484
0.897461
1.054688
0.717285
1.034180
0.650391
0.929688
0.947754
1.054688
1.060547
0.736816
0.673828
0.958496
0.883301
0.784180
1.251953
1.026367
0.836426
0.865234
0.878418
0.860840
1.003906
0.684082
0.959473
0.907715
1.016602
1.139648
0.831055
0.881836
1.091797
1.021484
0.867676
0.948242
0.950684
1.034180
0.983887
1.062500
0.871094
0.783691
1.018555
1.143555
0.790527
1.123047
0.894043
0.763184
0.939941
0.731445
1.178711
0.901367
0.946289
0.893066
1.138672
0.770996
0.840332
0.632812
1.161133
1.154297
0.766113
0.881348
0.660156
0.728027
1.041016
0.733398
0.859863
1.000977
1.061523
0.903320
0.844238
1.242188
1.031250
0.879395
0.761719
0.790039
0.705078
1.150391
1.054688
1.094727
0.817383
0.870605
0.985840
0.921875
1.078125
0.628418
1.200195
0.793945
0.934082
0.675781
0.838379
1.005859
0.756836
0.966797
0.823730
1.092773
0.969727
0.753906
1.053711
0.812500
1.299805
1.142578
0.817383
0.937500
0.842773
0.840332
1.125000
0.792480
1.151367
0.877930
0.889160
0.699707
0.658691
0.674805
0.798828
0.898438
0.869629
1.115234
1.121094
1.127930
1.062500
1.230469
0.728516
0.832520
0.861328
0.990234
1.045898
1.093750
0.711426
0.992676
0.954590
0.884277
0.846680
0.833008
1.196289
0.879395
0.997070
1.093750
1.022461
0.995605
1.006836
0.991211
0.687500

Layer: model.23.cv1.bn
1.206055
1.023438
1.057617
0.991699
1.154297
1.063477
1.179688
1.038086
1.064453
1.247070
1.203125
1.485352
1.100586
1.046875
0.862305
0.863770
1.086914
1.463867
0.765625
0.893066
1.249023
1.175781
1.165039
0.892578
1.067383
1.320312
1.031250
1.025391
0.918945
0.962891
1.094727
1.191406
1.006836
1.075195
0.945801
0.772949
1.129883
1.223633
1.046875
1.151367
1.033203
1.104492
1.027344
1.017578
1.092773
0.927246
1.212891
1.039062
1.325195
1.008789
1.079102
1.028320
1.438477
1.122070
0.979492
1.164062
0.844727
1.149414
0.871582
1.083008
0.998047
1.281250
1.026367
1.007812
1.113281
0.925293
0.947754
1.022461
0.866211
1.165039
0.995605
0.950195
0.959473
1.122070
1.026367
1.031250
1.486328
0.992676
0.947754
1.042969
1.015625
1.000977
1.105469
1.253906
1.176758
0.806641
0.936523
0.926270
0.818848
0.808594
1.210938
1.100586
0.954590
0.821289
1.035156
1.103516
1.398438
1.251953
0.929199
0.835449
1.010742
1.053711
1.155273
0.978027
1.211914
0.847168
0.925781
1.130859
1.259766
0.953613
1.028320
0.939453
0.947754
0.789551
1.041016
1.093750
0.968750
0.957520
1.068359
0.943848
0.994141
0.882324
0.952637
1.309570
0.961914
1.044922
0.916504
1.032227
1.536133
0.975098
1.020508
1.174805
1.059570
1.011719
1.042969
0.964355
0.904297
1.353516
1.248047
0.884277
1.125977
1.193359
0.830566
0.891113
1.045898
0.834961
1.301758
1.260742
0.959961
1.298828
0.929688
1.044922
0.975586
0.948242
1.091797
1.099609
1.157227
1.220703
1.282227
0.996582
1.316406
0.948730
0.915039
0.961914
1.028320
1.351562
1.208008
1.380859
1.156250
0.981934
1.212891
1.134766
1.169922
0.921875
0.923828
0.892578
1.051758
0.896973
1.068359
0.983398
0.977051
1.034180
1.072266
0.954102
1.212891
1.430664
1.275391
1.072266
1.096680
1.338867
1.133789
0.931641
0.904785
1.058594
1.060547
0.804199
1.077148
1.062500
0.939453
1.052734
0.880371
1.072266
1.117188
1.028320
1.041992
0.942383
1.155273
1.169922
0.980469
1.024414
0.948730
1.095703
1.066406
1.139648
1.254883
1.094727
0.915039
1.010742
1.093750
0.904785
1.099609
1.188477
1.045898
1.167969
1.005859
0.985840
1.109375
1.068359
1.171875
1.246094
0.959961
1.320312
0.985840
1.082031
1.211914
1.044922
1.004883
1.017578
0.913574
1.002930
1.012695
0.948730
1.087891
1.115234
0.876953
0.919434
0.809570
0.992676
0.986816
0.933105
1.768555
1.013672
0.985352
0.919922
1.055664
1.107422

Layer: model.23.cv2.bn
1.225586
1.254883
0.991699
0.937012
1.258789
1.032227
1.065430
1.159180
0.906250
0.845703
0.976562
0.941406
1.057617
1.045898
0.959961
1.049805
1.070312
0.807617
0.835449
0.979492
1.200195
1.094727
1.166016
0.801270
1.049805
1.033203
1.079102
1.025391
0.766602
1.041016
0.907715
1.010742
1.200195
0.931641
0.992188
1.118164
0.993164
1.024414
0.965820
0.962891
1.047852
0.969727
1.047852
1.097656
1.136719
1.017578
0.930176
0.957520
0.925781
0.891113
0.989746
0.995117
1.049805
0.950195
1.092773
0.891113
1.036133
1.050781
1.120117
0.971191
1.856445
0.896484
1.048828
0.990723
1.085938
1.067383
0.962891
1.071289
1.059570
1.003906
1.043945
1.141602
1.106445
1.057617
0.869629
1.033203
0.964355
1.035156
0.864258
1.040039
0.935547
0.900391
0.978027
1.154297
1.227539
0.958984
1.030273
0.813965
0.943848
1.066406
0.965332
0.906738
0.926270
0.787598
1.002930
0.964355
1.167969
1.027344
1.160156
0.976562
0.959473
0.956543
0.953125
0.964355
1.787109
0.979492
1.037109
0.961426
1.035156
1.027344
0.877441
0.966797
1.028320
1.097656
0.823242
0.845215
0.750488
1.001953
1.011719
1.051758
1.041016
1.021484
0.688477
0.925781
1.017578
0.944336
1.046875
0.578125
0.976074
1.122070
0.988281
0.787598
0.987305
0.992676
1.107422
1.034180
0.974609
0.990723
0.767578
0.893555
1.023438
1.032227
0.929199
0.999023
1.079102
1.121094
0.961914
0.901855
1.300781
1.066406
0.955078
0.983887
1.082031
1.063477
0.932617
1.133789
0.974609
1.046875
1.002930
1.148438
1.010742
0.940918
1.199219
1.034180
1.059570
1.071289
0.950195
1.065430
0.984375
0.966309
0.894531
1.209961
1.062500
0.969238
1.077148
0.893066
0.960938
0.956543
0.980957
1.015625
1.118164
1.243164
0.976562
1.272461
0.826172
0.989258
1.199219
1.119141
0.755371
1.231445
1.083008
0.842773
1.023438
1.195312
1.019531
1.040039
1.096680
0.958008
1.021484
0.947754
0.944824
0.895508
1.022461
1.003906
0.827637
0.863770
1.001953
0.801270
1.000000
0.815918
0.904297
1.048828
0.847168
0.902832
0.904785
0.878906
1.090820
0.854980
0.913086
0.964355
0.996094
1.069336
1.099609
1.027344
0.934570
0.753906
1.131836
0.947754
1.080078
0.912598
0.999512
0.983398
0.594238
0.921387
1.261719
1.070312
1.031250
1.103516
1.155273
0.944336
0.919434
0.929688
0.982910
0.998047
1.033203
1.056641
0.839355
0.895996
0.908203
0.960938
1.085938
1.067383
1.240234
1.081055
1.078125
0.997070

Layer: model.23.cv3.bn
2.019531
0.945801
0.978516
0.630371
1.349609
0.837891
0.446045
1.275391
1.666016
1.619141
1.372070
1.375977
1.189453
1.048828
1.000977
1.580078
1.361328
1.168945
1.280273
1.635742
0.692871
1.040039
1.541992
0.755859
0.528320
1.142578
1.363281
1.909180
1.551758
1.022461
1.166016
1.647461
0.992188
0.437012
1.274414
1.154297
0.618164
1.894531
1.151367
0.918945
1.325195
1.768555
1.617188
1.652344
1.617188
1.692383
1.301758
1.513672
1.057617
0.481689
1.296875
1.399414
1.588867
1.086914
1.622070
0.867676
1.342773
1.542969
1.500977
2.101562
1.078125
2.835938
1.334961
1.482422
1.366211
1.192383
0.699219
0.757324
0.882324
0.906250
1.041016
1.570312
1.877930
1.126953
1.873047
1.425781
1.375977
1.284180
1.274414
0.619141
1.294922
1.700195
1.038086
1.426758
0.593262
1.391602
1.049805
1.441406
0.589844
0.572754
0.569336
0.992188
0.642090
1.143555
1.426758
1.528320
1.025391
1.645508
1.580078
1.107422
1.481445
0.676758
0.863281
1.130859
1.192383
1.240234
1.267578
0.746582
0.443359
0.775879
0.801758
1.337891
1.398438
0.875488
1.183594
1.176758
1.217773
1.645508
1.752930
1.805664
1.134766
1.337891
0.817383
1.314453
1.440430
1.140625
0.382812
0.853516
2.044922
0.845215
1.666016
1.743164
1.044922
0.639648
1.701172
1.296875
0.621582
1.357422
1.535156
1.510742
0.991699
0.901367
1.464844
1.874023
0.803711
0.846680
1.579102
1.198242
1.410156
0.754883
1.848633
1.977539
1.450195
0.729492
1.631836
1.464844
0.831543
0.748535
0.981445
0.583008
1.481445
0.854492
0.973145
0.918945
1.875977
0.802246
0.805176
0.602051
1.564453
1.635742
0.990723
0.619629
1.251953
0.937012
1.794922
1.229492
1.690430
1.037109
1.829102
1.438477
1.574219
0.619629
1.532227
1.032227
1.686523
0.849121
1.363281
1.052734
1.394531
1.332031
2.052734
2.070312
1.136719
1.250977
1.290039
1.475586
0.994141
1.597656
1.125000
0.996582
1.930664
0.621094
1.219727
1.414062
1.255859
0.491943
1.541992
0.760742
1.538086
1.641602
1.462891
1.443359
0.932129
0.960449
1.674805
1.463867
1.109375
0.892578
1.509766
1.043945
1.216797
1.394531
0.850098
1.275391
0.981934
1.883789
2.554688
1.608398
1.024414
1.090820
1.275391
0.946777
0.905273
1.372070
0.973633
1.363281
0.952637
0.631348
1.864258
1.428711
1.007812
1.847656
2.023438
0.677246
1.613281
1.012695
0.883789
1.429688
1.229492
1.329102
1.128906
1.077148
1.199219
0.524414
1.458984
1.465820
0.689453
1.671875
1.979492
1.291992
1.903320
1.337891
2.101562
0.968262
1.469727
1.395508
2.005859
0.712402
0.658203
1.041016
0.898438
1.039062
1.456055
2.595703
1.179688
0.938477
0.931641
1.491211
1.112305
1.569336
1.454102
1.669922
1.759766
1.619141
1.189453
1.807617
0.561523
1.318359
1.759766
0.954590
1.757812
0.867676
1.650391
1.077148
1.479492
0.439209
0.918945
1.503906
0.486572
0.962402
0.834473
1.255859
0.969727
1.189453
1.137695
1.044922
1.885742
1.787109
0.800293
0.967773
1.489258
0.866699
1.560547
1.838867
1.297852
0.996582
1.249023
1.581055
1.895508
2.037109
1.807617
1.086914
0.538086
0.679688
1.028320
0.962402
1.209961
1.094727
1.229492
1.246094
1.952148
0.701172
1.224609
0.706055
0.837891
1.258789
0.932617
1.159180
1.379883
0.804688
1.169922
1.057617
0.821289
1.719727
1.273438
0.649414
1.290039
0.979004
1.664062
1.778320
1.060547
0.801758
1.618164
1.406250
1.719727
0.979980
1.454102
1.356445
0.976562
0.989258
0.974121
1.646484
1.749023
1.682617
0.533691
0.778320
1.395508
1.336914
0.882324
0.766602
0.716309
0.849609
1.521484
0.801270
1.192383
1.999023
1.088867
2.269531
1.200195
0.876953
1.892578
1.291016
0.984375
0.678711
1.242188
1.099609
0.934570
0.875977
0.774414
1.146484
1.052734
0.508789
1.438477
0.653809
1.503906
0.934082
0.767090
1.406250
0.937988
1.604492
0.862793
1.240234
0.757324
2.478516
1.719727
1.267578
1.108398
1.068359
0.870117
0.837891
1.322266
1.215820
0.729492
1.897461
1.726562
0.758301
1.164062
1.432617
1.338867
0.799805
1.494141
1.178711
0.727539
1.902344
1.111328
0.887207
0.878906
1.471680
0.449951
1.857422
1.199219
1.980469
1.473633
1.289062
1.015625
1.073242
0.990234
1.529297
1.158203
1.396484
1.401367
0.965332
1.520508
0.778320
1.443359
1.347656
1.103516
1.648438
2.226562
1.109375
0.668457
1.568359
1.210938
0.899902
1.222656
1.145508
1.270508
1.135742
1.300781
1.282227
1.549805
1.794922
1.587891
1.749023
1.632812
0.976074
1.001953
0.686035
0.983398
0.991211
1.145508
1.173828
1.633789
0.922852
1.147461
1.460938
0.789551
2.082031
1.112305
0.850586
0.778809
1.159180
1.203125
1.218750
1.083984
1.879883
1.448242
0.744141
1.591797
1.166992
2.015625
1.925781
1.216797
1.716797
1.686523
1.119141
1.513672
1.491211
1.532227
1.676758
1.125000
1.011719
1.361328
0.926270
1.256836
1.174805
1.713867
1.149414
1.626953
1.533203
1.652344
1.106445

Layer: model.23.m.0.cv1.bn
1.126953
0.965332
0.916504
0.976074
0.981445
0.966797
0.983887
0.859375
0.872559
1.083008
1.073242
1.040039
0.923340
0.736328
1.270508
1.153320
1.026367
1.093750
1.013672
1.174805
0.868652
0.967773
1.002930
1.146484
0.926758
1.055664
0.957031
1.125000
0.991699
1.170898
0.902344
0.966309
0.808105
1.510742
1.187500
1.231445
1.096680
1.014648
1.387695
0.891113
1.251953
0.770508
0.989746
0.824707
1.383789
1.046875
1.007812
1.081055
0.942383
0.909668
0.927246
0.811523
0.957520
1.017578
0.966309
1.123047
1.076172
0.964844
0.966797
0.983887
0.863281
1.391602
0.933105
0.890625
0.751465
1.032227
0.939941
0.781250
0.736816
0.811035
1.238281
1.039062
1.263672
0.962891
0.911621
0.913574
1.218750
0.762207
0.999512
0.925781
0.963867
0.899414
0.659180
0.926758
1.038086
1.215820
1.070312
1.061523
0.979492
1.138672
1.013672
1.136719
1.125000
1.173828
0.950195
1.033203
0.803711
1.033203
0.952637
0.939941
1.037109
0.856445
1.024414
0.940430
1.042969
0.744629
0.968750
0.891602
1.095703
1.040039
1.295898
1.304688
0.957520
1.292969
0.747070
1.124023
1.109375
1.069336
0.876465
1.089844
1.030273
1.079102
0.919922
1.264648
1.103516
1.056641
0.985352
1.131836
1.082031
1.122070
1.231445
1.173828
1.188477
0.920410
1.108398
0.979980
0.761719
0.858398
0.983887
1.394531
0.892578
1.101562
1.154297
1.003906
0.615723
0.908203
0.986328
1.012695
0.939941
0.894043
0.955566
1.638672
1.163086
1.291016
0.961914
1.071289
0.929688
1.258789
0.909180
0.813965
1.184570
1.126953
0.968262
0.836914
0.958008
0.977051
1.026367
1.174805
0.835449
0.976562
0.879395
0.834473
1.341797
1.047852
0.968750
0.997070
1.185547
1.113281
0.894531
1.266602
1.023438
0.957031
1.119141
1.040039
1.090820
0.997070
1.227539
1.005859
0.960938
1.249023
1.056641
1.088867
1.074219
0.997559
1.041016
0.970703
0.746582
0.954590
0.928711
1.399414
1.122070
0.997070
0.947266
1.116211
1.054688
1.154297
1.001953
0.980469
0.928711
0.881836
1.219727
1.289062
1.192383
0.839355
0.958984
0.924316
1.064453
0.963379
0.836426
0.802734
0.964844
1.063477
0.997070
1.542969
0.931641
0.965332
1.055664
1.239258
0.838867
0.925293
1.205078
1.079102
1.022461
1.091797
1.196289
0.908691
1.010742
1.076172
0.969727
0.863281
1.350586
1.030273
1.083984
0.886230
1.058594
1.069336
1.076172
1.210938
0.984375
0.966797
0.997070
1.060547
0.980469
1.084961
0.813477
0.900879

Layer: model.23.m.0.cv2.bn
1.066406
1.093750
0.876953
2.449219
1.140625
1.316406
0.875000
1.171875
1.343750
1.082031
0.990234
1.300781
0.982422
1.192383
1.083984
1.607422
1.167969
1.258789
1.348633
1.041016
1.008789
0.934082
1.669922
1.277344
1.295898
1.248047
1.031250
1.455078
1.271484
1.191406
1.162109
0.885742
1.268555
1.617188
1.854492
1.236328
1.146484
0.970215
1.006836
1.182617
1.492188
1.103516
1.028320
1.078125
1.016602
1.419922
1.119141
1.259766
1.368164
1.400391
1.249023
0.830566
1.055664
1.158203
1.003906
1.165039
1.266602
1.166016
0.997070
1.399414
0.937988
1.195312
1.454102
0.863281
1.232422
0.746582
1.241211
0.829590
1.070312
0.876953
0.933594
1.099609
1.113281
0.743164
1.114258
1.064453
0.949219
1.137695
1.099609
1.121094
1.029297
1.432617
1.018555
1.058594
1.196289
1.118164
0.990234
1.448242
1.307617
0.909668
1.627930
1.284180
1.305664
1.144531
1.084961
1.080078
1.069336
0.945312
1.092773
0.941406
1.466797
1.052734
1.138672
1.334961
0.947754
1.151367
0.783203
1.320312
1.165039
1.198242
1.535156
1.344727
0.937500
1.313477
1.148438
0.951172
1.037109
1.189453
0.851562
1.494141
1.251953
1.349609
1.047852
1.275391
1.389648
0.916992
1.752930
1.300781
1.728516
1.098633
0.913086
1.292969
1.844727
1.332031
1.056641
0.943359
1.239258
1.304688
1.567383
1.458008
1.268555
1.024414
1.277344
1.002930
0.950684
1.114258
0.916992
1.218750
0.936523
1.247070
0.967285
1.371094
1.258789
1.295898
0.972656
1.210938
0.870605
1.133789
1.067383
1.342773
1.254883
1.120117
1.676758
1.541992
1.137695
1.058594
1.754883
1.318359
1.042969
1.117188
1.120117
1.149414
1.143555
1.050781
1.027344
0.850098
0.993652
0.987305
1.292969
1.678711
1.083984
1.031250
0.938477
1.011719
1.197266
1.167969
0.996582
1.704102
0.972168
1.610352
0.871582
1.375000
1.422852
0.902344
1.072266
1.147461
1.595703
1.482422
1.102539
1.500000
1.657227
1.585938
0.900879
1.222656
0.902832
1.300781
1.000000
1.328125
1.153320
1.287109
1.105469
1.154297
1.117188
0.940430
1.998047
1.231445
1.057617
0.897461
1.197266
1.141602
0.959473
1.008789
1.027344
1.806641
0.982910
1.532227
1.089844
0.915527
1.081055
0.727051
1.284180
1.140625
1.487305
1.048828
1.197266
0.999512
0.957520
1.039062
1.424805
1.029297
1.304688
1.929688
1.533203
1.247070
1.502930
1.347656
1.114258
1.171875
0.928711
1.460938
1.347656
1.276367
0.870605
1.281250
1.390625
1.105469

