0.87548828125
0.75244140625
1.3544921875
2.044921875
1.3662109375
3.099609375
2.765625
1.6630859375
1.5869140625
1.9560546875
1.6591796875
2.0546875
6.03125
5.60546875
1.830078125
1.7919921875
5.15234375
3.84765625
5.046875
5.53515625
5.44140625
2.78125
2.330078125
3.818359375
3.943359375
4.90625
4.08984375
5.234375
5.0546875
4.125
4.4765625
4.9765625
5.08984375
5.55859375
3.96484375
4.75390625
2.90625
5.91796875
4.33984375
4.9453125
3.857421875
2.490234375
4.1796875
4.24609375
1.7958984375
4.96484375
5.09375
3.63671875
1.341796875
1.359375
0.88330078125
1.8544921875
1.3154296875
0.8046875
1.337890625
2.962890625
0.9833984375
3.548828125
2.751953125
1.5224609375
1.04296875
0.8427734375
1.1748046875
1.31640625
2.4375
1.2509765625
1.51953125
2.869140625
1.6005859375
5.6640625
1.66015625
1.2529296875
1.888671875
3.328125
2.103515625
2.35546875
1.2734375
1.0390625
1.2626953125
2.119140625
1.044921875
1.2939453125
0.60400390625
1.4404296875
0.6591796875
0.5341796875
1.0234375
1.333984375
1.08984375
1.2431640625
1.35546875
1.0244140625
1.02734375
1.046875
1.7392578125
0.81005859375
0.90869140625
0.85595703125
0.93017578125
1.0322265625
0.72509765625
1.708984375
1.3193359375
0.81103515625
1.3984375
0.93896484375
0.56298828125
0.99658203125
1.068359375
0.62158203125
1.759765625
1.3798828125
1.3583984375
1.8603515625
1.5732421875
3.45703125
1.4794921875
1.337890625
3.830078125
3.8125
1.3486328125
2.99609375
2.6640625
2.0
1.1240234375
1.220703125
1.1630859375
3.048828125
2.708984375
1.51171875
1.7978515625
1.6298828125
1.5380859375
1.9755859375
1.5546875
2.75
1.2373046875
3.056640625
1.8671875
1.4111328125
2.21484375
2.626953125
1.6240234375
0.492919921875
0.93212890625
0.8544921875
0.9130859375
0.9404296875
0.5927734375
0.7587890625
0.84130859375
0.86279296875
0.73193359375
0.69384765625
0.67578125
0.830078125
0.61376953125
1.033203125
0.8037109375
0.95703125
0.441162109375
0.84521484375
0.5439453125
0.496826171875
0.87548828125
0.75634765625
1.04296875
0.64453125
0.92041015625
0.56494140625
1.0693359375
0.6728515625
0.92333984375
1.0498046875
0.81298828125
0.60302734375
0.66650390625
0.93994140625
0.74462890625
0.5322265625
0.8115234375
0.65966796875
0.89892578125
0.91943359375
0.86328125
0.97509765625
0.60400390625
1.1591796875
1.099609375
0.5615234375
0.61572265625
0.90869140625
0.78857421875
0.71826171875
0.6591796875
0.8876953125
1.103515625
1.2744140625
0.9296875
0.828125
0.9345703125
1.0712890625
1.0322265625
0.72265625
0.49072265625
1.0087890625
0.9970703125
0.95166015625
0.326416015625
0.25634765625
0.418701171875
0.52001953125
0.5068359375
0.374755859375
0.468994140625
0.55517578125
0.3583984375
0.28271484375
0.46630859375
0.297607421875
0.29736328125
0.60546875
0.38330078125
0.471923828125
0.30078125
0.35302734375
0.65478515625
0.802734375
0.85400390625
0.51220703125
0.20703125
0.63916015625
0.29833984375
0.32373046875
0.376220703125
0.45751953125
0.35400390625
0.2252197265625
0.467041015625
0.2330322265625
1.119140625
1.1767578125
0.8916015625
0.68701171875
0.6962890625
0.74560546875
0.85107421875
0.70654296875
0.97607421875
0.7080078125
0.9462890625
1.34375
1.0478515625
1.2470703125
1.0654296875
1.25390625
0.7353515625
0.82958984375
1.2509765625
0.87255859375
1.251953125
0.6884765625
0.9677734375
0.58740234375
1.021484375
1.169921875
0.7578125
0.8583984375
1.26953125
0.974609375
0.8935546875
0.78857421875
0.8798828125
0.697265625
0.40234375
0.63232421875
0.5517578125
0.424560546875
0.64794921875
0.693359375
0.5048828125
0.7138671875
0.525390625
1.0419921875
0.720703125
0.76708984375
0.51416015625
0.4892578125
0.6884765625
0.71728515625
0.525390625
0.388427734375
0.56640625
0.75244140625
0.6650390625
0.53271484375
0.791015625
0.55810546875
0.57568359375
0.646484375
0.802734375
0.49072265625
0.52099609375
0.88916015625
0.66357421875
0.4443359375
0.7470703125
0.509765625
0.73388671875
0.87646484375
0.69873046875
0.75634765625
0.654296875
0.775390625
0.7216796875
0.6474609375
0.85107421875
0.59130859375
0.654296875
0.421630859375
0.73876953125
0.4853515625
0.56494140625
0.60986328125
0.43505859375
0.58935546875
0.87255859375
0.424072265625
0.69677734375
0.90966796875
0.62255859375
0.5263671875
0.69775390625
0.732421875
0.80322265625
0.44677734375
0.6025390625
0.9326171875
0.95556640625
0.52880859375
1.0927734375
0.408447265625
0.82421875
0.4765625
0.9931640625
0.884765625
0.9482421875
0.994140625
0.93359375
0.7724609375
0.446044921875
0.79248046875
1.1474609375
1.1689453125
1.24609375
0.85302734375
1.2421875
0.84130859375
0.7607421875
0.7333984375
0.625
0.81103515625
0.88720703125
0.52001953125
0.71142578125
0.87548828125
0.5732421875
0.5869140625
0.56982421875
0.9248046875
0.6953125
0.677734375
0.78125
0.712890625
0.5615234375
0.77685546875
0.69873046875
0.6201171875
0.79736328125
0.76806640625
0.8828125
0.424560546875
0.66552734375
0.68603515625
0.529296875
0.495361328125
0.8642578125
0.9091796875
1.150390625
0.8974609375
0.7236328125
0.787109375
0.89013671875
0.7490234375
0.8330078125
0.59619140625
0.7392578125
0.479248046875
0.697265625
0.368896484375
0.88525390625
0.91455078125
0.66357421875
0.80908203125
0.98583984375
0.96630859375
0.383544921875
0.80224609375
0.748046875
0.873046875
0.60498046875
0.806640625
0.90771484375
0.8935546875
0.6259765625
0.88818359375
0.56884765625
0.60107421875
0.82861328125
0.8212890625
0.340087890625
0.56298828125
0.607421875
0.8115234375
0.50732421875
0.62939453125
0.75146484375
0.51025390625
0.779296875
0.385009765625
0.61474609375
0.78173828125
0.67578125
1.5048828125
0.720703125
0.89990234375
0.7236328125
1.0556640625
0.6396484375
0.646484375
1.4521484375
0.82470703125
1.3291015625
0.7490234375
1.1044921875
1.4775390625
0.970703125
0.9521484375
0.76171875
0.71923828125
1.2041015625
1.1611328125
1.1826171875
0.7041015625
1.0302734375
0.84912109375
1.3505859375
1.091796875
1.3515625
0.81982421875
0.884765625
0.7724609375
0.865234375
0.68701171875
0.5068359375
0.490234375
0.7626953125
0.76220703125
0.54345703125
0.5693359375
0.7802734375
0.72021484375
0.73193359375
0.57666015625
0.74560546875
0.75341796875
0.77294921875
0.88671875
0.75537109375
0.72314453125
0.81494140625
0.60595703125
0.76806640625
0.83837890625
0.759765625
0.8193359375
0.61572265625
0.7705078125
0.63671875
0.76123046875
1.033203125
0.7099609375
0.59814453125
0.6630859375
0.76513671875
0.919921875
0.86376953125
0.95068359375
0.833984375
0.916015625
0.46923828125
0.55419921875
0.798828125
0.712890625
0.869140625
0.853515625
0.69873046875
0.7548828125
0.6630859375
0.63134765625
1.275390625
0.429931640625
0.54833984375
0.7958984375
0.41259765625
1.1328125
0.92431640625
0.6123046875
0.9033203125
0.47216796875
0.5712890625
0.60693359375
0.625
0.60205078125
0.55517578125
0.50244140625
0.56640625
0.544921875
1.0302734375
0.541015625
1.201171875
0.479248046875
0.9462890625
0.53369140625
1.037109375
0.701171875
0.71044921875
0.89453125
0.66162109375
0.6279296875
0.85107421875
0.55322265625
0.8486328125
0.7041015625
0.4951171875
0.61474609375
0.63232421875
0.79443359375
0.78125
1.19140625
0.6259765625
0.9462890625
0.67041015625
0.71630859375
0.63671875
0.51904296875
0.63037109375
0.6064453125
0.857421875
0.7890625
1.01171875
0.59765625
1.53515625
0.64892578125
0.74755859375
0.67529296875
0.533203125
0.88525390625
0.7607421875
0.69287109375
0.65478515625
0.703125
0.4189453125
0.69775390625
0.77490234375
0.5859375
0.625
0.9091796875
0.6162109375
0.65234375
0.4775390625
0.55615234375
0.7861328125
0.395751953125
0.5498046875
0.52587890625
0.6494140625
0.50830078125
0.7587890625
0.78857421875
0.55078125
0.84375
0.469970703125
0.324462890625
0.2958984375
0.3603515625
0.2489013671875
0.6484375
0.302490234375
0.26025390625
0.30078125
0.31005859375
0.5830078125
0.310546875
0.4287109375
0.388427734375
0.31298828125
0.2666015625
0.259521484375
0.26708984375
0.425048828125
0.32861328125
0.41455078125
0.48046875
0.288818359375
0.66455078125
0.68017578125
0.2271728515625
0.37939453125
0.36328125
0.213134765625
0.240478515625
0.55517578125
0.430908203125
0.32861328125
0.42626953125
0.4169921875
0.41845703125
0.29052734375
0.262939453125
0.24169921875
0.59326171875
0.3740234375
0.253662109375
0.323974609375
0.86083984375
0.33984375
0.251220703125
0.20703125
0.343994140625
0.5205078125
0.24853515625
0.2095947265625
0.2117919921875
0.340576171875
0.37451171875
0.484130859375
0.222900390625
0.411376953125
0.493408203125
0.394287109375
0.2783203125
0.58642578125
0.69287109375
0.1917724609375
0.3388671875
0.7890625
0.82421875
1.0380859375
0.83154296875
1.18359375
1.1943359375
1.087890625
0.89453125
1.03515625
0.99462890625
1.236328125
0.931640625
0.96142578125
1.0556640625
0.81884765625
1.5244140625
1.0654296875
0.888671875
0.81396484375
0.91064453125
0.8388671875
1.0869140625
0.94482421875
1.1640625
0.9609375
1.2724609375
1.0927734375
1.1787109375
1.314453125
1.0810546875
0.7451171875
1.083984375
0.93505859375
1.14453125
1.0693359375
1.0810546875
1.341796875
0.9794921875
0.7626953125
1.0703125
1.1845703125
1.1103515625
0.9970703125
0.982421875
1.193359375
0.75341796875
0.89697265625
1.0302734375
1.1640625
1.015625
1.087890625
1.1318359375
1.0048828125
0.98583984375
1.30859375
1.1865234375
0.8623046875
1.0517578125
1.01171875
1.083984375
1.33203125
1.25390625
0.9306640625
1.0830078125
0.8212890625
1.0048828125
0.6357421875
0.8544921875
1.0546875
0.52001953125
0.9677734375
0.5380859375
0.82568359375
0.75048828125
0.9306640625
0.81640625
0.93505859375
0.8291015625
0.4560546875
0.90234375
0.85498046875
0.9501953125
0.65234375
0.6640625
0.56689453125
0.9541015625
0.5908203125
0.88427734375
0.58154296875
0.6591796875
0.6396484375
0.82177734375
0.95751953125
0.81884765625
0.53076171875
0.53173828125
0.45947265625
0.708984375
0.69873046875
0.70458984375
0.5751953125
0.560546875
0.904296875
1.0009765625
0.76416015625
0.61669921875
0.85009765625
0.96826171875
0.64501953125
0.86669921875
0.849609375
0.8369140625
0.90380859375
0.4931640625
0.66650390625
0.88818359375
0.497314453125
0.859375
0.90771484375
0.79443359375
0.892578125
0.7783203125
0.67041015625
0.86083984375
0.89453125
0.7060546875
0.90576171875
0.798828125
0.97265625
0.927734375
1.05859375
0.81787109375
0.94677734375
0.984375
0.5732421875
0.74755859375
0.77490234375
0.482177734375
0.69677734375
0.55224609375
0.9609375
0.59033203125
0.7919921875
0.81689453125
0.978515625
1.1083984375
0.90283203125
0.72412109375
0.734375
0.548828125
0.69384765625
0.63232421875
0.7392578125
0.73779296875
1.111328125
0.65234375
0.61572265625
1.1748046875
0.58544921875
0.7001953125
0.955078125
0.6591796875
0.68701171875
0.75537109375
0.88134765625
0.8857421875
0.83154296875
1.208984375
1.1162109375
0.810546875
0.472412109375
0.5498046875
0.92236328125
0.56591796875
0.51416015625
0.63720703125
0.90966796875
0.560546875
0.51220703125
0.61181640625
0.9091796875
0.82568359375
0.73681640625
0.8193359375
0.80322265625
0.89208984375
0.73291015625
0.9287109375
0.6201171875
0.99462890625
0.806640625
0.95556640625
1.0478515625
0.80517578125
1.115234375
1.2001953125
0.439453125
1.236328125
0.98828125
0.5166015625
1.2392578125
1.126953125
1.5
1.169921875
1.1669921875
1.1259765625
0.70068359375
0.90576171875
0.95849609375
1.1689453125
1.2060546875
0.8720703125
1.1025390625
1.078125
0.96875
1.6337890625
1.166015625
1.029296875
0.67041015625
0.740234375
1.328125
1.203125
0.7412109375
0.90234375
0.89599609375
0.68701171875
0.7666015625
1.216796875
1.205078125
0.6953125
1.0322265625
0.7021484375
0.931640625
1.109375
1.2236328125
1.1201171875
1.15625
1.1728515625
1.146484375
0.97607421875
0.9521484375
0.84228515625
1.064453125
1.01171875
1.0908203125
1.10546875
1.224609375
1.0068359375
0.9072265625
1.171875
1.1298828125
0.556640625
0.68603515625
1.4482421875
1.1611328125
1.095703125
1.0078125
0.28564453125
0.66064453125
0.556640625
0.447021484375
0.57080078125
0.373046875
0.529296875
0.5966796875
0.6259765625
0.7314453125
0.48291015625
0.8486328125
0.5576171875
0.66943359375
0.55322265625
0.3515625
0.403076171875
0.76171875
0.64892578125
0.65185546875
0.5888671875
0.71826171875
0.68798828125
0.71923828125
0.615234375
0.45166015625
0.25634765625
0.458740234375
0.62353515625
0.32470703125
0.391357421875
0.385498046875
0.51513671875
0.39501953125
0.62548828125
0.373291015625
0.43701171875
0.5927734375
0.43359375
0.5791015625
0.576171875
0.61865234375
0.7568359375
0.51220703125
0.58203125
0.58935546875
0.6142578125
0.7294921875
0.22802734375
0.603515625
0.626953125
0.470703125
0.544921875
0.673828125
0.49658203125
0.486572265625
0.472900390625
0.7138671875
0.64013671875
0.6865234375
0.66455078125
0.33984375
0.305419921875
0.83984375
0.59326171875
0.70458984375
0.9189453125
0.93115234375
1.0078125
0.384765625
0.95654296875
0.82177734375
0.8623046875
0.50830078125
0.923828125
0.78857421875
0.78369140625
1.048828125
0.8388671875
0.460693359375
0.95166015625
1.1259765625
0.76904296875
1.220703125
0.88671875
0.80322265625
0.86083984375
1.1572265625
0.64697265625
1.1259765625
0.97802734375
0.595703125
0.72802734375
1.1787109375
1.076171875
0.8740234375
0.66748046875
0.9541015625
0.80712890625
0.8115234375
0.9462890625
1.0234375
0.9306640625
1.001953125
1.04296875
0.89697265625
0.97509765625
1.072265625
0.94287109375
0.958984375
0.83642578125
0.9677734375
0.88671875
0.98095703125
0.96435546875
0.85205078125
1.03515625
0.9228515625
0.669921875
0.6005859375
1.119140625
1.0703125
0.69677734375
1.0322265625
0.84912109375
0.6884765625
0.974609375
1.3916015625
0.880859375
0.92822265625
0.442138671875
0.595703125
0.7470703125
0.77099609375
0.84619140625
0.7734375
0.8955078125
1.0458984375
0.732421875
0.57177734375
1.0966796875
0.6279296875
1.03515625
0.63427734375
0.55126953125
0.68505859375
0.85693359375
0.90087890625
0.485107421875
0.6572265625
0.685546875
0.7919921875
0.70556640625
0.56103515625
0.52490234375
0.7587890625
0.8798828125
0.66455078125
0.64990234375
0.6376953125
0.51904296875
0.4111328125
0.72216796875
0.88232421875
0.75732421875
0.75830078125
0.75732421875
0.77587890625
1.591796875
0.42919921875
0.7646484375
0.7783203125
0.78271484375
0.6064453125
0.83154296875
0.71923828125
0.51318359375
1.0322265625
0.8857421875
0.5498046875
0.806640625
0.6201171875
0.67041015625
0.5546875
0.81689453125
0.87255859375
0.5322265625
0.452880859375
0.97802734375
1.0302734375
0.6328125
0.71826171875
0.87939453125
0.505859375
1.0126953125
0.9931640625
0.73095703125
0.69970703125
0.9951171875
1.1337890625
0.351318359375
0.76904296875
0.8603515625
0.85205078125
0.97900390625
0.787109375
1.0263671875
0.75732421875
1.0224609375
1.1650390625
1.1826171875
1.044921875
0.923828125
0.9423828125
0.93017578125
1.1123046875
0.89306640625
0.64990234375
0.91162109375
1.1416015625
0.82421875
0.7998046875
0.5576171875
0.82861328125
0.849609375
0.9248046875
1.041015625
0.80224609375
0.96337890625
0.99462890625
1.0341796875
1.09375
0.66796875
0.80712890625
0.974609375
0.826171875
0.82373046875
1.005859375
0.7021484375
1.1083984375
0.76513671875
0.9033203125
1.013671875
1.0732421875
0.8603515625
1.17578125
0.57958984375
0.78857421875
0.96533203125
0.93994140625
0.8330078125
1.0302734375
0.8701171875
0.9052734375
1.0146484375
1.3583984375
1.017578125
1.2685546875
0.82275390625
0.759765625
1.044921875
1.2880859375
0.83935546875
0.85546875
1.1865234375
0.55712890625
1.2080078125
0.78369140625
1.1201171875
1.0302734375
1.025390625
0.71728515625
0.73486328125
0.8955078125
0.9541015625
1.109375
0.82275390625
1.0078125
1.17578125
0.61083984375
1.1142578125
0.7294921875
0.646484375
0.72314453125
0.90380859375
0.8017578125
1.0244140625
1.8125
0.67919921875
0.65771484375
1.1357421875
0.888671875
0.81005859375
1.212890625
0.953125
0.86669921875
1.087890625
0.8798828125
0.92529296875
0.86279296875
1.3623046875
1.0029296875
1.1435546875
1.0419921875
0.7138671875
1.3251953125
1.2060546875
1.123046875
1.2421875
1.205078125
1.0087890625
1.1142578125
1.0380859375
1.1318359375
1.078125
0.97705078125
1.0439453125
1.275390625
0.9697265625
0.94287109375
1.0625
0.79248046875
0.78466796875
1.0107421875
1.0390625
0.6181640625
0.83203125
1.0791015625
0.9306640625
0.86181640625
0.9560546875
1.021484375
1.0205078125
0.96240234375
0.8740234375
0.765625
0.98681640625
0.845703125
0.8359375
1.1328125
1.04296875
0.736328125
0.8232421875
0.88720703125
0.92431640625
0.8876953125
0.89892578125
0.794921875
1.056640625
1.3505859375
0.72705078125
0.85986328125
0.80419921875
0.8359375
0.8505859375
0.939453125
1.03515625
1.0322265625
0.92431640625
0.841796875
0.76171875
0.96728515625
0.76513671875
0.958984375
0.75146484375
1.0537109375
1.1279296875
0.91552734375
0.8779296875
0.9453125
0.900390625
0.923828125
0.6796875
0.71630859375
0.71337890625
0.91796875
0.99560546875
0.94189453125
0.85107421875
0.86767578125
1.2109375
0.9658203125
0.9580078125
0.72314453125
0.92919921875
0.96240234375
1.1220703125
0.904296875
0.75390625
0.7568359375
0.8837890625
0.68408203125
0.90380859375
0.859375
0.87548828125
0.81396484375
0.9296875
0.927734375
0.87158203125
1.0244140625
0.8427734375
1.0537109375
0.76318359375
0.92822265625
0.7109375
1.1201171875
1.283203125
0.96875
0.953125
0.89013671875
0.75341796875
0.78271484375
0.990234375
0.921875
0.865234375
0.951171875
1.185546875
0.9482421875
0.95947265625
1.0712890625
0.7109375
0.89306640625
0.880859375
0.96826171875
0.82470703125
1.2822265625
0.75439453125
0.7841796875
0.88720703125
0.98681640625
0.96923828125
0.76171875
0.94287109375
1.1669921875
0.69287109375
0.84375
1.1123046875
0.8203125
0.8369140625
0.86376953125
0.87890625
0.68994140625
1.48046875
0.84619140625
1.0390625
0.81103515625
0.744140625
0.86865234375
0.95654296875
0.8681640625
0.75732421875
0.7939453125
0.81298828125
0.763671875
0.9013671875
0.9267578125
0.91259765625
0.71728515625
0.92041015625
0.8935546875
0.6796875
0.85107421875
0.83642578125
0.8359375
1.0908203125
1.16796875
0.79833984375
0.68359375
0.896484375
1.05078125
0.94970703125
0.80078125
0.88427734375
0.931640625
1.1484375
0.85791015625
0.84130859375
0.93896484375
0.765625
0.95166015625
0.84130859375
0.685546875
0.74462890625
0.7646484375
0.80419921875
1.04296875
1.2529296875
0.88330078125
0.90185546875
0.80615234375
1.0693359375
0.78759765625
0.8505859375
0.7587890625
0.82421875
0.60302734375
0.705078125
0.86328125
1.02734375
0.888671875
1.5224609375
0.8525390625
0.896484375
0.7841796875
0.83837890625
1.0625
0.84326171875
0.70703125
0.7119140625
0.85302734375
0.98486328125
0.78076171875
0.85400390625
0.72021484375
0.8466796875
0.9814453125
0.8193359375
1.1015625
0.8466796875
0.8916015625
0.75341796875
0.919921875
1.07421875
0.71630859375
0.826171875
1.064453125
0.92333984375
0.7763671875
0.70458984375
0.81982421875
0.75927734375
1.015625
0.73486328125
0.84814453125
1.357421875
0.97412109375
0.9814453125
0.96728515625
0.87939453125
0.93017578125
1.1708984375
0.9462890625
0.791015625
0.79150390625
0.96923828125
0.916015625
0.90087890625
0.86962890625
0.521484375
1.0078125
0.83154296875
1.0126953125
0.72705078125
0.958984375
1.1279296875
0.978515625
1.30859375
1.1123046875
0.78857421875
0.88232421875
0.7861328125
0.75927734375
0.82763671875
0.951171875
0.70361328125
0.92578125
0.765625
0.84814453125
0.77880859375
0.98193359375
0.94580078125
0.79638671875
0.78564453125
0.96240234375
0.966796875
0.352783203125
0.53125
0.356201171875
0.5185546875
0.26220703125
0.20703125
0.2841796875
0.63330078125
0.5517578125
0.344970703125
0.29931640625
0.449951171875
0.33056640625
0.299560546875
0.583984375
0.54736328125
0.546875
0.345703125
0.32958984375
0.296875
0.615234375
0.481201171875
0.55712890625
0.59716796875
0.405029296875
0.392822265625
0.548828125
0.853515625
0.2734375
0.5849609375
0.322509765625
0.5830078125
0.36865234375
0.431884765625
0.316162109375
0.452392578125
0.59228515625
0.360107421875
0.63720703125
0.4345703125
0.474365234375
0.58837890625
0.226806640625
0.32666015625
0.48974609375
0.78515625
0.54248046875
0.61328125
0.57861328125
0.72021484375
0.6142578125
0.59814453125
0.457763671875
0.66748046875
0.60595703125
0.32275390625
0.364013671875
0.417236328125
1.126953125
0.7294921875
0.5244140625
0.27685546875
0.366943359375
0.391845703125
0.454345703125
0.78955078125
0.46826171875
0.51953125
0.4208984375
0.28125
0.59228515625
0.671875
0.353271484375
0.63037109375
0.361328125
0.6337890625
0.489990234375
0.2958984375
0.60009765625
0.4306640625
0.446533203125
0.40185546875
0.54052734375
0.60400390625
0.50341796875
0.3505859375
0.468994140625
0.5751953125
0.418212890625
0.386474609375
0.338623046875
0.451171875
0.5927734375
0.53857421875
0.473388671875
0.35693359375
0.448486328125
0.6259765625
0.49072265625
0.4638671875
0.64306640625
0.58740234375
0.64111328125
0.37841796875
0.689453125
0.5009765625
0.451416015625
0.427734375
0.52880859375
0.251708984375
0.463134765625
0.55419921875
0.4599609375
0.5654296875
0.59521484375
0.32568359375
0.48583984375
0.4619140625
0.56884765625
0.64404296875
0.52587890625
0.63720703125
0.33447265625
0.6015625
0.34765625
0.791015625
0.54052734375
0.5078125
1.15625
1.0263671875
1.0595703125
0.8740234375
1.0224609375
1.0810546875
1.15234375
1.130859375
1.0224609375
1.236328125
0.87451171875
1.0830078125
1.0166015625
1.0126953125
1.09765625
1.1142578125
1.265625
1.2978515625
1.0546875
1.3974609375
1.4853515625
1.029296875
1.2158203125
1.3193359375
1.255859375
1.0859375
1.05078125
1.01953125
1.0009765625
1.265625
1.0419921875
1.0166015625
1.2158203125
1.1572265625
0.953125
1.0087890625
1.1123046875
1.2060546875
1.0732421875
1.3583984375
1.1748046875
1.142578125
1.1650390625
1.3037109375
0.927734375
1.2158203125
1.0478515625
0.8837890625
1.2646484375
1.1884765625
1.24609375
1.14453125
0.974609375
1.2978515625
1.390625
0.93017578125
1.025390625
0.97265625
1.0517578125
1.3642578125
0.99853515625
1.16796875
1.013671875
1.087890625
1.041015625
1.1181640625
1.01171875
1.357421875
1.2607421875
0.97705078125
1.1064453125
1.0908203125
0.95361328125
1.0712890625
0.990234375
1.19921875
1.123046875
1.109375
1.072265625
0.89892578125
1.0771484375
1.08984375
1.0078125
1.140625
1.048828125
1.046875
1.025390625
0.97412109375
1.072265625
1.01953125
1.044921875
1.150390625
1.130859375
1.013671875
1.0322265625
1.109375
1.140625
0.9892578125
1.1005859375
1.115234375
1.0322265625
1.14453125
0.95166015625
0.98486328125
1.1953125
1.091796875
1.1728515625
1.2177734375
1.0556640625
1.064453125
0.97021484375
0.89794921875
1.0595703125
0.93359375
1.1103515625
1.19921875
1.1123046875
0.98193359375
1.212890625
1.0556640625
1.1416015625
1.2001953125
1.34375
1.1162109375
1.3447265625
1.212890625
1.193359375
1.1083984375
0.939453125
0.8671875
0.79443359375
1.22265625
0.869140625
1.0791015625
0.9033203125
1.11328125
1.1328125
1.0458984375
1.5322265625
0.88671875
0.89599609375
0.9248046875
1.0849609375
1.2646484375
1.2607421875
0.87841796875
0.810546875
1.486328125
1.1142578125
1.0244140625
1.1396484375
1.2978515625
0.77001953125
0.95556640625
0.888671875
0.8916015625
0.9765625
1.06640625
1.02734375
0.8935546875
1.0234375
1.162109375
1.1328125
0.99072265625
1.083984375
0.943359375
0.87353515625
1.115234375
1.05859375
1.142578125
1.3876953125
0.85205078125
0.99365234375
1.2822265625
1.083984375
1.11328125
1.0732421875
1.3720703125
0.8818359375
1.033203125
1.33984375
0.98486328125
0.89697265625
0.84033203125
1.0078125
1.10546875
1.4599609375
1.291015625
1.04296875
0.84033203125
1.28125
0.86669921875
1.125
0.96142578125
0.85986328125
1.2236328125
1.1630859375
0.994140625
1.380859375
0.9296875
1.498046875
1.0107421875
1.158203125
1.0322265625
1.033203125
1.4716796875
1.6767578125
1.0751953125
1.2890625
0.939453125
0.982421875
0.99853515625
1.1259765625
1.037109375
0.9755859375
1.232421875
1.26953125
0.92431640625
0.98583984375
0.8857421875
1.787109375
1.287109375
0.76025390625
1.361328125
2.2109375
1.0517578125
1.244140625
0.8984375
0.9375
1.224609375
1.46875
0.87451171875
1.61328125
1.0546875
0.92041015625
1.193359375
1.1484375
1.0634765625
1.0
1.1416015625
1.044921875
1.1337890625
1.0927734375
1.103515625
1.2978515625
0.97802734375
1.4189453125
0.80615234375
0.84716796875
1.2958984375
0.97900390625
1.3544921875
0.953125
1.2412109375
1.5302734375
1.078125
0.7861328125
0.89990234375
1.0908203125
1.0234375
1.1796875
0.98828125
0.91455078125
1.0576171875
1.3974609375
0.95556640625
0.82470703125
1.11328125
0.9560546875
0.89404296875
1.2783203125
1.275390625
1.39453125
1.95703125
0.92431640625
1.341796875
1.55859375
0.890625
1.044921875
1.0791015625
0.83203125
1.1044921875
1.2822265625
1.08203125
1.091796875
1.169921875
1.0205078125
0.935546875
1.0166015625
0.9404296875
1.0927734375
1.033203125
0.8818359375
1.04296875
0.9697265625
1.140625
1.2626953125
0.890625
0.7119140625
1.0595703125
0.9453125
0.931640625
0.92724609375
1.1884765625
0.97607421875
0.81640625
0.94580078125
1.1005859375
1.056640625
1.390625
1.015625
1.1787109375
0.99072265625
1.0419921875
0.80078125
1.2421875
0.9560546875
1.072265625
1.259765625
0.9609375
1.2666015625
1.173828125
1.119140625
0.994140625
0.943359375
1.15625
1.1875
1.1044921875
0.97705078125
0.83203125
0.85302734375
0.92529296875
0.822265625
0.7509765625
0.951171875
1.1669921875
1.1123046875
0.96875
0.84619140625
0.77685546875
1.2587890625
1.0712890625
1.4140625
0.9208984375
0.86083984375
1.3193359375
1.560546875
0.94482421875
1.97265625
1.001953125
1.076171875
1.03515625
0.9267578125
1.24609375
1.0185546875
1.0576171875
1.2626953125
1.0712890625
1.3251953125
1.0908203125
1.533203125
1.2412109375
0.84130859375
0.94189453125
1.078125
1.2802734375
0.91162109375
1.2802734375
0.88134765625
1.2021484375
0.90380859375
0.93798828125
0.8056640625
1.212890625
1.3154296875
1.044921875
1.126953125
0.9365234375
1.1591796875
0.91748046875
1.0849609375
0.89892578125
0.955078125
1.3271484375
1.2802734375
1.0439453125
1.1259765625
1.150390625
1.2900390625
1.2373046875
1.1630859375
1.103515625
1.1953125
1.3251953125
1.0537109375
0.99072265625
1.4384765625
1.265625
1.00390625
1.1220703125
1.0732421875
1.2470703125
1.3193359375
0.9453125
1.35546875
0.90576171875
1.28515625
0.8603515625
1.8056640625
0.90869140625
1.2529296875
0.324951171875
1.111328125
1.1083984375
1.2861328125
1.279296875
1.4111328125
1.1728515625
1.2294921875
1.2900390625
1.369140625
1.1259765625
1.0263671875
1.03515625
1.35546875
1.00390625
1.197265625
1.1396484375
1.0068359375
1.4150390625
1.5517578125
1.306640625
1.2568359375
0.990234375
1.2021484375
1.173828125
0.91015625
1.2666015625
1.2138671875
1.2060546875
1.6337890625
1.1220703125
1.3017578125
1.498046875
1.15234375
1.18359375
1.1875
1.2705078125
1.271484375
1.36328125
1.166015625
1.21875
1.158203125
1.3056640625
1.1650390625
1.3798828125
1.1884765625
1.1572265625
1.248046875
0.98681640625
1.2939453125
1.1328125
0.99267578125
1.0869140625
1.162109375
1.3349609375
1.2373046875
1.3076171875
1.1875
1.068359375
1.1669921875
1.513671875
1.37890625
1.1240234375
1.1337890625
1.2216796875
0.986328125
1.015625
1.333984375
1.3388671875
0.98046875
0.99609375
1.1455078125
1.1865234375
1.1318359375
1.2451171875
0.8935546875
0.95947265625
1.232421875
1.2275390625
1.0361328125
1.3515625
1.1376953125
1.3271484375
1.5634765625
1.2998046875
1.2724609375
1.326171875
1.154296875
1.451171875
1.0576171875
1.169921875
1.3095703125
1.2314453125
1.28125
1.318359375
1.224609375
1.203125
1.2490234375
1.0595703125
1.12890625
1.32421875
1.3505859375
1.2734375
1.4208984375
1.4248046875
1.3818359375
1.548828125
1.16015625
1.2685546875
1.103515625
0.93212890625
1.306640625
1.2392578125
1.021484375
1.369140625
1.4296875
1.2236328125
1.861328125
1.4443359375
1.4453125
1.267578125
1.646484375
1.3359375
1.416015625
1.759765625
1.13671875
1.2587890625
1.0498046875
0.931640625
0.95751953125
1.265625
1.724609375
1.302734375
1.27734375
1.8642578125
1.3095703125
0.9326171875
1.40234375
1.3095703125
1.0361328125
1.443359375
1.150390625
1.1083984375
1.375
2.220703125
1.34765625
1.2080078125
1.2177734375
1.0869140625
1.2001953125
1.52734375
1.205078125
1.1533203125
1.373046875
2.455078125
1.86328125
1.19140625
1.1259765625
1.171875
1.107421875
1.294921875
1.1337890625
1.384765625
1.6611328125
2.015625
1.5
1.5068359375
0.94287109375
1.4912109375
1.30078125
1.47265625
1.2861328125
1.697265625
1.5615234375
0.86083984375
1.451171875
1.2099609375
1.431640625
1.0546875
1.3359375
0.9169921875
1.048828125
1.09765625
1.2900390625
1.1806640625
1.052734375
1.4736328125
1.294921875
1.037109375
1.2109375
1.2744140625
1.291015625
1.4033203125
1.271484375
2.015625
1.359375
1.54296875
1.5048828125
2.5703125
1.193359375
1.1630859375
1.6298828125
1.2783203125
1.36328125
1.5341796875
0.83056640625
1.0419921875
1.3212890625
1.3115234375
1.38671875
1.3642578125
1.1982421875
0.9375
1.1494140625
1.2900390625
1.412109375
0.92041015625
1.470703125
1.2578125
1.3671875
1.0830078125
1.75390625
1.421875
1.2177734375
1.32421875
1.2685546875
1.2890625
1.2509765625
1.4931640625
0.7373046875
0.61083984375
0.904296875
0.84033203125
0.9375
0.65380859375
0.78271484375
0.8349609375
0.95556640625
0.87255859375
0.93798828125
0.61865234375
0.7421875
0.6845703125
0.7861328125
0.5849609375
0.79638671875
0.7431640625
0.8271484375
0.68212890625
0.63623046875
0.6416015625
1.623046875
0.6865234375
0.77587890625
0.619140625
0.794921875
0.5986328125
0.6201171875
0.662109375
0.77294921875
0.64794921875
0.62353515625
0.80712890625
0.8232421875
0.6376953125
0.73486328125
0.615234375
0.91357421875
0.78759765625
0.7333984375
0.6064453125
0.80908203125
0.6357421875
0.634765625
0.79248046875
0.79150390625
0.71142578125
0.8544921875
0.69873046875
0.81298828125
0.72802734375
0.6669921875
0.5986328125
0.59326171875
0.92578125
0.6728515625
0.720703125
0.75146484375
1.462890625
0.8349609375
0.87060546875
0.6201171875
0.80126953125
0.6689453125
0.8056640625
0.85693359375
0.77490234375
0.7109375
0.7421875
0.64208984375
0.82275390625
0.8984375
0.7666015625
0.62255859375
0.7666015625
0.78564453125
0.69970703125
0.70703125
0.62353515625
1.232421875
0.63916015625
0.6796875
0.8095703125
1.2939453125
0.67041015625
0.60791015625
0.96533203125
0.59912109375
1.5888671875
0.64697265625
0.54052734375
0.97998046875
0.95947265625
0.60400390625
0.7724609375
0.72509765625
0.75
0.7646484375
0.64794921875
0.87353515625
0.75830078125
0.80859375
0.826171875
0.76123046875
0.8330078125
0.806640625
0.70849609375
0.8916015625
0.63916015625
0.693359375
0.90673828125
0.6787109375
0.70654296875
0.63818359375
0.64306640625
1.5693359375
0.681640625
0.71728515625
0.7744140625
0.60888671875
0.7900390625
0.8427734375
0.71728515625
0.7900390625
0.67822265625
0.96728515625
0.7490234375
0.63232421875
0.75244140625
0.76953125
0.8037109375
0.93505859375
1.1796875
1.0166015625
0.76513671875
1.0673828125
0.55517578125
0.78564453125
0.84814453125
0.65576171875
0.705078125
0.6533203125
0.89306640625
1.0029296875
0.76416015625
0.736328125
0.61865234375
1.08984375
1.060546875
0.88037109375
1.025390625
0.7841796875
0.87939453125
0.8271484375
0.876953125
0.80029296875
0.560546875
0.9931640625
0.9638671875
1.1376953125
0.6494140625
0.66748046875
0.63232421875
0.59912109375
0.83251953125
0.73583984375
0.77001953125
0.83154296875
0.70458984375
0.6279296875
0.58740234375
0.72705078125
0.57861328125
0.88037109375
0.8740234375
0.70556640625
0.91015625
0.6943359375
1.005859375
0.701171875
1.0419921875
0.564453125
0.85205078125
0.7763671875
0.8564453125
0.7998046875
0.6865234375
0.60107421875
0.7373046875
0.85791015625
0.9345703125
0.71142578125
0.7939453125
0.8828125
0.6181640625
0.85791015625
1.1552734375
0.80712890625
0.8408203125
1.216796875
0.61767578125
0.89501953125
0.72216796875
0.779296875
0.771484375
0.7734375
0.73486328125
0.91064453125
0.8388671875
0.97705078125
0.6484375
0.86767578125
0.5556640625
0.62744140625
1.0
1.1923828125
0.9208984375
1.0205078125
0.78466796875
0.5517578125
0.73779296875
0.74462890625
0.72265625
1.0537109375
0.9287109375
0.93017578125
1.0869140625
0.91064453125
0.6279296875
1.298828125
0.87451171875
0.82568359375
0.6845703125
0.9248046875
0.84375
1.04296875
0.7421875
0.7001953125
0.64697265625
0.68896484375
1.0205078125
1.0087890625
0.919921875
0.78173828125
0.72216796875
0.7451171875
0.73779296875
1.142578125
0.70703125
0.80908203125
0.9287109375
0.60693359375
0.98876953125
0.94384765625
1.0478515625
0.8564453125
0.81689453125
0.79638671875
0.95751953125
0.67578125
0.7978515625
1.1982421875
0.7333984375
0.8701171875
1.1611328125
0.6572265625
0.765625
0.85986328125
0.75
0.60888671875
0.79150390625
0.5009765625
1.0771484375
0.548828125
0.9306640625
0.9169921875
0.65576171875
0.76513671875
0.7177734375
0.80712890625
0.78173828125
1.115234375
0.8037109375
0.91259765625
1.32421875
0.82470703125
0.73486328125
0.73974609375
0.8017578125
0.8046875
0.98193359375
0.69580078125
0.8994140625
0.7666015625
0.8056640625
0.92431640625
0.85302734375
0.76953125
1.02734375
1.04296875
0.662109375
0.92333984375
0.85546875
0.81201171875
0.6943359375
0.7685546875
0.8916015625
0.693359375
0.7216796875
0.8232421875
0.974609375
0.5693359375
1.0791015625
1.0419921875
0.42333984375
0.880859375
0.87255859375
0.85595703125
1.0673828125
0.61328125
0.75390625
0.6748046875
0.84912109375
0.5888671875
0.78076171875
0.76220703125
0.89306640625
1.1953125
0.80224609375
0.875
0.55419921875
0.9130859375
0.68359375
1.005859375
0.6513671875
0.99072265625
1.1201171875
1.0625
0.9345703125
0.77490234375
0.86572265625
1.0595703125
0.8505859375
0.8369140625
0.958984375
0.8837890625
0.72998046875
0.7255859375
0.93798828125
0.8193359375
0.73974609375
0.82177734375
0.91015625
0.953125
0.390380859375
1.09765625
0.845703125
1.1201171875
0.96142578125
0.810546875
0.8349609375
1.34765625
0.7109375
0.80908203125
0.82861328125
0.80322265625
0.78466796875
1.0576171875
0.77734375
1.1162109375
0.84912109375
0.9326171875
0.82275390625
0.89599609375
0.8056640625
0.80126953125
0.94580078125
0.59375
0.9677734375
0.84521484375
0.73779296875
0.5029296875
1.0078125
0.8525390625
0.56689453125
0.7578125
1.1416015625
0.40380859375
1.0244140625
1.1591796875
0.56689453125
0.90185546875
0.642578125
0.93798828125
0.55615234375
0.64794921875
0.64111328125
1.1728515625
1.0126953125
0.861328125
0.826171875
1.01171875
0.7646484375
0.83154296875
0.89453125
0.73486328125
0.62060546875
0.86376953125
0.486328125
0.91259765625
0.80029296875
1.013671875
1.0263671875
0.9267578125
1.0380859375
0.814453125
1.19140625
0.78759765625
0.72900390625
0.9775390625
0.8994140625
0.9794921875
0.70361328125
0.79248046875
1.181640625
0.53369140625
1.001953125
0.86474609375
0.89208984375
1.068359375
1.0625
0.81396484375
0.7783203125
0.7978515625
0.9638671875
1.0888671875
0.79052734375
0.93701171875
1.00390625
0.95458984375
0.8056640625
0.495849609375
0.53466796875
1.1748046875
0.96484375
0.703125
0.92822265625
1.001953125
1.0927734375
0.4580078125
0.86572265625
0.77587890625
0.79052734375
0.84326171875
0.84326171875
0.7470703125
1.0908203125
0.81103515625
0.8564453125
1.09375
1.2734375
1.0224609375
1.123046875
0.8330078125
0.95361328125
0.44384765625
0.74853515625
0.85986328125
0.7919921875
0.634765625
0.734375
0.7294921875
0.9384765625
0.96435546875
0.419677734375
0.70849609375
0.70849609375
0.79541015625
0.90966796875
0.7353515625
1.0400390625
0.91943359375
1.068359375
0.79931640625
0.677734375
0.59375
0.79296875
0.626953125
0.81103515625
0.70361328125
0.556640625
0.705078125
1.0498046875
0.7626953125
1.197265625
0.998046875
0.65673828125
0.9501953125
0.6552734375
0.841796875
0.77685546875
0.82666015625
0.485107421875
1.4404296875
0.705078125
0.994140625
0.79736328125
0.94580078125
1.0302734375
0.66943359375
1.01953125
0.92724609375
0.77783203125
0.6767578125
0.8037109375
0.7138671875
0.669921875
0.79052734375
0.46533203125
0.389404296875
0.416259765625
0.59033203125
0.82763671875
0.6005859375
0.419677734375
0.55078125
0.52978515625
0.44482421875
0.54248046875
0.47607421875
0.42529296875
0.54345703125
0.578125
0.375244140625
0.6201171875
0.62255859375
0.9814453125
0.481201171875
0.75146484375
0.68310546875
0.6103515625
0.7158203125
0.603515625
0.473876953125
0.38525390625
0.779296875
0.60693359375
0.396728515625
0.5673828125
0.50390625
0.6162109375
0.422119140625
0.73095703125
0.439208984375
0.92822265625
0.90625
0.556640625
0.5341796875
0.79638671875
0.744140625
0.6953125
0.7138671875
0.669921875
0.57421875
0.52978515625
0.5244140625
0.64892578125
0.6494140625
0.50732421875
0.78369140625
0.67333984375
0.6875
0.5361328125
0.4580078125
0.71435546875
0.70361328125
0.54541015625
0.89404296875
0.66455078125
0.66845703125
0.5341796875
0.4072265625
0.59033203125
0.66162109375
0.77099609375
0.425048828125
0.69140625
0.4404296875
0.483642578125
0.81396484375
0.544921875
0.58203125
0.372314453125
0.67236328125
0.446044921875
0.5859375
0.671875
0.56884765625
0.78076171875
0.56201171875
0.85546875
0.3818359375
0.67236328125
0.7216796875
0.86572265625
0.43798828125
0.7763671875
0.57470703125
0.65771484375
0.544921875
0.767578125
0.488525390625
0.76611328125
0.5869140625
0.73193359375
0.7158203125
0.52734375
0.48828125
0.393310546875
0.859375
0.615234375
0.765625
0.61376953125
0.685546875
0.6474609375
0.61962890625
0.8310546875
0.68603515625
0.7861328125
0.65625
0.44970703125
0.5478515625
0.61669921875
0.84375
0.8232421875
0.56298828125
0.80908203125
0.57080078125
0.9541015625
0.8173828125
0.748046875
0.861328125
0.470458984375
0.70751953125
0.63916015625
0.73388671875
0.6044921875
0.677734375
0.89111328125
0.7998046875
0.5302734375
0.5908203125
0.52001953125
0.6376953125
0.7177734375
0.81982421875
0.541015625
0.64111328125
0.62548828125
0.69482421875
0.556640625
0.79248046875
0.59521484375
0.82861328125
0.78955078125
0.61083984375
0.61376953125
0.84228515625
0.50390625
0.5595703125
0.67431640625
0.6455078125
0.91015625
0.791015625
0.61865234375
0.734375
0.8232421875
0.56689453125
0.92919921875
0.71728515625
0.70751953125
0.4013671875
0.7177734375
0.52734375
0.52392578125
0.55224609375
1.267578125
0.93212890625
0.619140625
0.57568359375
0.468505859375
0.78857421875
0.75390625
0.78515625
0.6611328125
0.5537109375
0.6748046875
0.8515625
0.568359375
0.56494140625
0.4443359375
1.064453125
0.4697265625
0.5576171875
0.79052734375
0.73828125
0.41650390625
0.74462890625
0.69775390625
0.48681640625
0.73486328125
0.5986328125
0.65771484375
0.625
0.5234375
0.763671875
1.111328125
0.68017578125
0.42138671875
0.67431640625
0.339599609375
0.67138671875
0.677734375
0.5712890625
0.8671875
0.81396484375
0.6337890625
0.625
0.93115234375
0.32861328125
1.1396484375
0.6220703125
0.471435546875
0.42724609375
0.75830078125
0.900390625
0.63134765625
0.80078125
0.615234375
0.73291015625
0.494873046875
0.68701171875
0.57177734375
0.93017578125
1.0712890625
0.5771484375
0.80908203125
0.50390625
0.70361328125
0.58740234375
1.1240234375
0.70361328125
0.71923828125
0.66455078125
0.77783203125
0.491943359375
0.59716796875
0.84912109375
0.6884765625
0.406982421875
0.89453125
0.89013671875
0.4912109375
0.8134765625
0.86328125
0.85009765625
0.5771484375
0.76123046875
0.701171875
0.78125
0.61181640625
0.61083984375
0.7021484375
0.5107421875
0.85791015625
0.71044921875
0.5322265625
0.525390625
0.63720703125
0.623046875
0.417724609375
0.4208984375
0.4892578125
0.51904296875
0.48681640625
0.7509765625
0.76611328125
0.490966796875
0.442626953125
0.76611328125
0.51806640625
0.8037109375
0.58642578125
0.9580078125
0.465087890625
0.4189453125
0.6650390625
0.496337890625
0.74169921875
0.64208984375
0.59619140625
0.62939453125
0.83203125
0.919921875
0.73974609375
0.658203125
0.76025390625
0.7392578125
0.796875
0.66650390625
0.5927734375
0.89794921875
0.53759765625
0.84326171875
0.53173828125
0.546875
0.53515625
0.625
0.7841796875
0.54150390625
0.9169921875
0.69189453125
0.64453125
0.53662109375
0.81396484375
0.6640625
0.2548828125
0.57666015625
0.84228515625
0.603515625
0.4580078125
0.72314453125
0.9248046875
0.685546875
0.65185546875
0.5283203125
1.01171875
0.58935546875
0.392578125
0.62060546875
0.51708984375
0.94482421875
0.64013671875
0.79296875
0.9873046875
0.8876953125
0.56689453125
0.98876953125
0.623046875
0.40380859375
0.7783203125
0.89990234375
0.5390625
0.70556640625
0.463623046875
0.95654296875
0.9169921875
0.485107421875
0.8828125
0.9814453125
0.60888671875
0.51611328125
0.92529296875
0.44482421875
0.435302734375
0.87255859375
0.84228515625
0.8251953125
0.46826171875
0.888671875
0.5556640625
0.476318359375
0.44921875
0.58154296875
0.48876953125
0.51025390625
0.6728515625
0.83544921875
0.38037109375
0.8505859375
0.81494140625
0.701171875
0.457275390625
0.496337890625
0.755859375
0.814453125
0.7119140625
0.371337890625
0.62060546875
0.6201171875
0.59033203125
0.65576171875
0.7978515625
0.85693359375
0.59326171875
0.5986328125
0.468017578125
0.6171875
0.399169921875
0.736328125
0.428955078125
0.48876953125
0.69091796875
0.7724609375
0.52880859375
0.37158203125
0.59912109375
0.47705078125
0.57958984375
0.5244140625
0.66162109375
0.6640625
0.78076171875
0.9287109375
0.6416015625
0.7314453125
0.51123046875
0.3544921875
0.5283203125
0.7109375
0.5703125
0.8349609375
0.64208984375
0.6005859375
0.442138671875
0.63916015625
0.52587890625
0.5087890625
0.66455078125
0.441650390625
0.388427734375
0.58056640625
0.4033203125
0.751953125
0.54150390625
0.373046875
0.71142578125
0.72412109375
0.427001953125
0.48974609375
0.64013671875
0.5595703125
0.60107421875
0.5546875
0.49462890625
0.564453125
0.419189453125
0.434326171875
0.4853515625
0.5205078125
0.5185546875
0.86962890625
0.638671875
0.6015625
0.462158203125
0.779296875
0.482421875
0.525390625
0.431640625
0.2076416015625
0.51318359375
0.28466796875
0.677734375
0.677734375
0.217529296875
0.57470703125
0.258056640625
0.403076171875
0.560546875
0.393310546875
0.2861328125
0.62548828125
0.57666015625
0.38134765625
0.58251953125
0.4404296875
0.267822265625
0.329833984375
0.415283203125
0.2164306640625
0.55712890625
0.27587890625
0.6806640625
0.456787109375
0.358154296875
0.68896484375
0.260986328125
0.55126953125
0.380859375
0.5302734375
0.2459716796875
0.45361328125
0.440673828125
0.56005859375
0.775390625
0.47265625
0.38671875
2.599609375
0.486083984375
0.47998046875
0.76611328125
0.29248046875
0.62939453125
0.556640625
0.54296875
0.68505859375
0.6064453125
0.40380859375
0.47900390625
0.43212890625
0.4345703125
0.39111328125
0.62158203125
0.57568359375
0.380615234375
0.27880859375
0.81005859375
0.377197265625
0.59130859375
0.54931640625
0.54296875
0.65478515625
0.499267578125
3.138671875
1.9453125
2.884765625
1.8505859375
1.2490234375
1.0693359375
0.9462890625
1.794921875
2.703125
2.404296875
2.14453125
2.564453125
2.326171875
2.630859375
2.2109375
2.845703125
2.560546875
2.3671875
1.0927734375
2.328125
2.67578125
2.2890625
2.755859375
1.302734375
2.65625
2.5078125
1.1806640625
0.9375
3.3671875
2.193359375
2.638671875
1.5068359375
2.923828125
2.541015625
1.2529296875
1.33203125
2.6328125
0.88671875
1.7568359375
1.5615234375
2.88671875
3.27734375
1.6015625
2.22265625
3.06640625
0.78759765625
2.919921875
1.8095703125
3.357421875
2.625
1.0869140625
1.0966796875
1.705078125
1.7744140625
2.318359375
2.24609375
1.171875
2.55078125
1.7041015625
3.126953125
2.189453125
1.869140625
2.8203125
1.5
0.318603515625
0.50439453125
0.28271484375
0.52783203125
0.6240234375
0.583984375
0.444580078125
0.6279296875
0.4599609375
0.6220703125
0.5380859375
0.65087890625
0.6103515625
0.466552734375
0.494384765625
0.4658203125
0.47021484375
0.2342529296875
0.383056640625
0.454833984375
0.333984375
0.5927734375
0.509765625
0.72607421875
0.388671875
0.6708984375
0.3271484375
0.58447265625
0.51708984375
0.322509765625
0.36669921875
0.40771484375
0.68212890625
0.74365234375
0.716796875
0.98974609375
0.435791015625
0.8154296875
0.96728515625
1.0234375
1.5732421875
0.580078125
0.40380859375
0.83544921875
0.81591796875
1.033203125
0.47265625
0.6240234375
0.703125
1.01953125
0.35693359375
0.7294921875
0.98291015625
0.422119140625
0.638671875
0.401123046875
0.9296875
0.60595703125
0.53857421875
0.9853515625
0.599609375
0.56201171875
0.69580078125
0.7294921875
0.802734375
0.8056640625
0.97119140625
0.71435546875
0.697265625
0.59130859375
0.6396484375
0.83251953125
0.791015625
0.62744140625
0.7529296875
0.7138671875
0.646484375
0.54736328125
0.83056640625
0.51318359375
0.333251953125
0.39990234375
0.37939453125
0.60595703125
0.447998046875
0.62646484375
0.54638671875
0.689453125
0.859375
0.673828125
0.69580078125
0.4912109375
0.572265625
0.71484375
0.7353515625
0.58203125
0.483642578125
0.427001953125
0.75830078125
0.8017578125
0.71435546875
0.74169921875
0.494384765625
0.7548828125
0.65673828125
0.436767578125
0.73974609375
0.90625
0.62353515625
0.71923828125
1.1181640625
0.525390625
0.720703125
0.826171875
1.1201171875
1.0009765625
0.5654296875
1.0537109375
0.417236328125
0.46435546875
0.609375
0.6533203125
1.0146484375
0.5087890625
0.57470703125
0.916015625
0.51025390625
0.77392578125
0.6318359375
0.7421875
0.736328125
0.9580078125
0.50927734375
0.6845703125
0.587890625
0.49951171875
0.469970703125
0.84521484375
0.5947265625
0.64892578125
0.7197265625
0.81884765625
0.384033203125
0.66455078125
0.46142578125
0.67333984375
0.488525390625
0.5302734375
0.82177734375
0.767578125
0.59521484375
0.75146484375
0.66015625
0.501953125
0.51025390625
0.591796875
0.51416015625
0.7919921875
0.63134765625
0.62646484375
0.61328125
0.47412109375
0.64599609375
0.7919921875
0.73876953125
0.7216796875
0.52490234375
0.4130859375
0.6875
0.642578125
0.5498046875
0.728515625
0.74462890625
0.6650390625
0.7958984375
0.5966796875
0.50634765625
0.64013671875
0.466064453125
0.73193359375
0.5869140625
0.49072265625
0.344970703125
0.65673828125
0.64306640625
0.6787109375
0.71044921875
0.57666015625
0.74755859375
0.640625
0.54345703125
0.6689453125
0.71484375
0.6865234375
0.64404296875
0.52490234375
0.61474609375
0.53759765625
0.485595703125
0.6298828125
0.52197265625
0.4521484375
0.64013671875
0.501953125
0.39501953125
0.5166015625
0.66650390625
0.56298828125
0.75244140625
0.460205078125
0.64013671875
0.57568359375
0.65283203125
0.5009765625
0.6181640625
0.97900390625
0.5986328125
0.70361328125
0.9287109375
0.59326171875
0.468994140625
0.67578125
0.7470703125
0.59912109375
0.434814453125
0.452880859375
0.8466796875
0.6953125
0.58642578125
0.39111328125
0.59130859375
0.73681640625
0.8408203125
0.50244140625
0.74560546875
0.67236328125
0.57373046875
2.0234375
0.77783203125
0.6796875
0.60595703125
0.83447265625
0.572265625
0.480712890625
0.5087890625
0.392578125
0.45703125
0.7900390625
0.57958984375
0.54931640625
0.74853515625
0.63525390625
0.7294921875
0.57861328125
0.52490234375
0.52392578125
2.71484375
2.208984375
0.96533203125
1.8759765625
2.4296875
2.482421875
0.9462890625
1.287109375
1.462890625
1.54296875
1.2890625
0.99658203125
1.578125
2.025390625
1.107421875
2.927734375
2.400390625
1.1611328125
1.98828125
0.828125
2.865234375
1.7666015625
1.3720703125
1.5537109375
1.4560546875
2.056640625
2.236328125
1.3466796875
1.6396484375
2.3828125
2.447265625
2.4296875
0.828125
1.5263671875
2.35546875
1.671875
2.427734375
1.630859375
2.50390625
0.796875
2.189453125
2.59765625
1.4345703125
1.8984375
1.7294921875
2.5859375
1.5595703125
2.138671875
1.3251953125
1.498046875
2.439453125
2.037109375
1.568359375
1.6123046875
2.146484375
2.21875
1.033203125
2.25
1.6904296875
2.4609375
1.4423828125
1.8203125
1.9697265625
1.5244140625
1.9375
1.4560546875
1.7421875
1.6630859375
2.412109375
2.78125
1.44921875
2.0078125
2.20703125
2.2421875
1.1171875
2.037109375
1.6630859375
1.3369140625
0.97021484375
1.50390625
2.578125
2.3671875
1.4921875
1.3408203125
1.9326171875
2.765625
2.572265625
1.49609375
1.287109375
2.095703125
1.849609375
1.693359375
2.228515625
2.708984375
1.3291015625
2.18359375
2.56640625
1.310546875
2.224609375
2.28125
0.58447265625
1.8828125
1.4189453125
1.3603515625
1.1337890625
2.60546875
0.7587890625
2.69140625
1.662109375
1.34375
2.123046875
2.037109375
1.431640625
1.8564453125
2.04296875
1.95703125
2.5546875
2.2890625
1.3271484375
2.181640625
0.85888671875
1.9208984375
1.0546875
1.2607421875
1.5009765625
1.158203125
0.98681640625
2.109375
0.5791015625
0.6044921875
0.482421875
0.51953125
0.701171875
0.483642578125
0.5634765625
0.490478515625
0.396484375
0.421142578125
0.60546875
0.73095703125
0.460205078125
0.6318359375
0.394287109375
0.32080078125
0.67041015625
0.50927734375
0.485595703125
0.460205078125
0.4404296875
0.2607421875
0.480224609375
0.37060546875
0.57177734375
0.420166015625
0.38134765625
0.51318359375
0.425048828125
0.5009765625
0.64990234375
0.64453125
0.41552734375
0.6416015625
0.609375
0.51611328125
0.55078125
0.64013671875
0.3828125
0.26416015625
0.60107421875
0.48291015625
0.52099609375
0.59716796875
0.382080078125
0.578125
0.4921875
0.470458984375
0.35205078125
0.7119140625
0.346923828125
0.53173828125
0.395263671875
0.42724609375
0.599609375
0.79931640625
0.54541015625
0.72802734375
0.4375
0.6865234375
0.444580078125
0.51171875
0.5556640625
0.41357421875
0.6943359375
0.79736328125
0.71533203125
0.779296875
1.080078125
0.39697265625
0.3076171875
0.476318359375
0.68408203125
0.489013671875
1.1005859375
0.60205078125
0.97900390625
0.7568359375
0.68359375
0.8115234375
0.8603515625
1.0693359375
0.75634765625
1.44921875
1.1240234375
0.828125
0.94091796875
0.8662109375
0.394775390625
0.74267578125
0.89501953125
0.73779296875
0.363037109375
0.7431640625
0.75732421875
1.7802734375
0.7822265625
0.5810546875
0.619140625
0.822265625
1.3095703125
0.927734375
0.88134765625
0.9541015625
1.3056640625
0.68896484375
0.5537109375
0.93310546875
0.6376953125
0.623046875
0.560546875
0.333984375
0.71875
0.9345703125
0.6904296875
0.91455078125
1.009765625
0.939453125
0.9716796875
0.677734375
0.818359375
1.11328125
0.90673828125
0.68115234375
1.2548828125
0.6357421875
0.908203125
0.35498046875
0.8515625
0.8251953125
0.9560546875
0.480712890625
1.185546875
0.7158203125
0.9140625
0.75439453125
1.029296875
0.72265625
0.90966796875
0.87451171875
0.76611328125
0.88427734375
1.2998046875
0.9892578125
0.802734375
0.9140625
0.91943359375
0.60693359375
0.6923828125
0.765625
0.63818359375
0.93017578125
0.8310546875
0.64404296875
0.70947265625
0.84130859375
0.95361328125
0.7734375
0.8486328125
0.7255859375
1.0341796875
0.61865234375
0.58251953125
0.89501953125
0.92529296875
0.96923828125
1.02734375
0.83984375
0.7861328125
0.8828125
0.9560546875
0.82080078125
0.9228515625
0.8837890625
0.7646484375
0.50146484375
0.70751953125
0.57421875
0.7568359375
0.97998046875
0.7294921875
0.8046875
0.449951171875
0.7060546875
1.046875
0.63623046875
0.56982421875
1.119140625
0.80078125
1.2216796875
0.47900390625
0.638671875
0.87109375
0.54931640625
0.8203125
0.83740234375
1.0654296875
0.67626953125
0.84814453125
1.34375
1.169921875
0.9765625
0.98486328125
0.55029296875
0.83056640625
0.80859375
0.970703125
0.8818359375
0.54296875
0.95068359375
0.84619140625
0.56640625
1.0361328125
0.94482421875
0.87158203125
0.7802734375
1.16015625
0.744140625
0.56396484375
1.0361328125
0.72412109375
1.064453125
0.6005859375
0.759765625
0.57666015625
0.7236328125
0.5166015625
0.98095703125
0.8173828125
0.8974609375
0.95068359375
1.4248046875
0.71240234375
0.9775390625
0.720703125
0.55224609375
1.0244140625
1.08984375
0.75439453125
0.7353515625
0.90673828125
0.8955078125
0.84228515625
1.1875
0.783203125
1.109375
0.669921875
1.1025390625
1.0185546875
0.92333984375
0.62890625
0.5634765625
0.6572265625
0.62060546875
0.56201171875
1.0537109375
0.95751953125
0.916015625
1.0517578125
0.77685546875
0.81689453125
0.96240234375
0.9306640625
0.86767578125
0.7744140625
0.84033203125
0.8603515625
1.244140625
1.2265625
0.9375
0.90966796875
0.73779296875
0.93017578125
1.0302734375
0.85400390625
0.67529296875
1.041015625
0.67236328125
0.76953125
0.8916015625
0.7666015625
0.9404296875
0.87109375
0.9833984375
0.9951171875
0.6767578125
0.81787109375
0.61181640625
1.0302734375
0.873046875
0.92919921875
1.01953125
1.05859375
0.7138671875
0.751953125
0.9169921875
0.97314453125
0.66650390625
0.6806640625
0.93798828125
0.77294921875
0.72509765625
0.84521484375
1.1689453125
1.0693359375
0.73876953125
0.96826171875
0.77490234375
0.8134765625
0.8125
1.0791015625
0.771484375
0.8974609375
0.99755859375
0.921875
0.81103515625
0.97216796875
0.6962890625
0.78955078125
0.69873046875
0.59765625
0.8759765625
1.0888671875
0.94384765625
0.67236328125
0.7880859375
0.82421875
1.0263671875
0.84326171875
1.001953125
0.9580078125
0.7685546875
1.1279296875
0.82421875
0.916015625
0.75537109375
1.2265625
1.125
1.1162109375
1.466796875
0.77587890625
0.896484375
1.3154296875
0.89990234375
0.705078125
0.86083984375
0.96826171875
0.8486328125
0.67333984375
1.419921875
0.99658203125
0.89208984375
1.0048828125
0.9482421875
0.9208984375
0.5224609375
0.62939453125
1.0146484375
0.8447265625
0.60595703125
0.80859375
0.82568359375
0.81591796875
0.95068359375
0.7333984375
0.89404296875
0.9619140625
0.8505859375
1.0166015625
1.2001953125
1.001953125
0.787109375
0.9794921875
0.87255859375
1.1484375
0.8779296875
1.0
0.83154296875
1.30859375
0.86279296875
0.88037109375
0.81689453125
0.712890625
0.55810546875
0.830078125
0.62451171875
0.6552734375
0.8828125
1.9287109375
1.26171875
0.7158203125
0.93896484375
0.85693359375
0.86328125
0.8857421875
0.859375
0.8623046875
0.8388671875
0.85595703125
0.8603515625
0.8994140625
0.7890625
0.94140625
0.69482421875
0.79052734375
1.27734375
0.82470703125
0.75537109375
0.63134765625
0.8095703125
0.826171875
0.79052734375
1.380859375
0.78857421875
0.97216796875
0.7890625
1.115234375
0.7744140625
0.84814453125
0.7861328125
0.8076171875
0.79345703125
0.8505859375
0.88134765625
0.75341796875
0.9814453125
0.76220703125
0.92041015625
0.95654296875
0.958984375
0.64111328125
1.0302734375
0.90625
0.9853515625
0.83740234375
0.7509765625
0.89208984375
1.07421875
0.93994140625
0.95263671875
0.84716796875
0.85498046875
0.84033203125
0.517578125
0.76806640625
0.77197265625
0.9306640625
1.048828125
0.8544921875
0.7783203125
0.78564453125
0.83203125
0.64501953125
1.3330078125
1.119140625
0.81787109375
0.732421875
0.72314453125
1.09765625
0.8740234375
0.97705078125
0.83349609375
0.9443359375
0.9619140625
1.0322265625
0.77294921875
1.18359375
0.87109375
0.81298828125
0.701171875
0.77587890625
0.8779296875
0.9306640625
0.75537109375
0.72119140625
0.5927734375
0.96533203125
0.7890625
0.84375
1.033203125
0.62744140625
0.78564453125
0.99951171875
0.9287109375
0.84521484375
0.671875
0.841796875
0.76513671875
0.80322265625
0.8203125
0.87548828125
0.85107421875
0.8828125
1.169921875
0.80224609375
1.001953125
0.9228515625
1.16015625
0.7685546875
0.83837890625
0.837890625
0.78857421875
0.96435546875
0.7265625
0.8505859375
0.8330078125
0.85595703125
0.93896484375
0.7255859375
0.935546875
0.5234375
0.7724609375
1.4814453125
0.68798828125
1.1962890625
1.193359375
1.3486328125
1.5361328125
0.740234375
1.22265625
1.6064453125
0.80712890625
1.248046875
1.2373046875
0.97021484375
1.2919921875
1.501953125
0.87451171875
1.47265625
1.408203125
2.005859375
1.4990234375
2.33984375
1.546875
1.5869140625
1.17578125
2.275390625
1.18359375
1.646484375
1.5615234375
1.107421875
1.8203125
1.67578125
1.4501953125
1.9384765625
2.166015625
2.15234375
1.5234375
1.02734375
1.9169921875
1.1796875
1.826171875
1.8134765625
2.001953125
0.75244140625
1.3095703125
2.23828125
1.548828125
0.73779296875
1.671875
2.611328125
2.390625
1.869140625
1.5185546875
1.380859375
0.998046875
1.1962890625
1.7861328125
1.4140625
0.5166015625
1.6533203125
2.05859375
1.29296875
1.501953125
2.10546875
1.4873046875
1.2607421875
2.3046875
1.373046875
0.93115234375
1.6337890625
1.6708984375
1.451171875
2.099609375
1.3447265625
1.3486328125
1.6416015625
1.6611328125
2.623046875
0.88916015625
1.904296875
0.79443359375
0.828125
1.5732421875
2.30078125
1.4169921875
2.21875
2.1484375
1.056640625
1.625
1.943359375
1.88671875
2.0234375
1.859375
1.029296875
1.7275390625
0.8369140625
0.6591796875
1.775390625
1.14453125
1.595703125
1.5458984375
1.8994140625
1.58984375
0.3779296875
1.17578125
1.712890625
1.7802734375
1.970703125
1.802734375
1.5283203125
2.494140625
1.5283203125
1.21875
0.40234375
1.2802734375
1.0771484375
1.1875
1.9599609375
1.9814453125
0.7041015625
1.33984375
1.76171875
1.7421875
1.6787109375
2.056640625
1.697265625
1.44921875
1.5712890625
1.40625
0.89306640625
2.005859375
1.9248046875
0.529296875
0.57763671875
2.267578125
1.3603515625
1.40234375
1.3974609375
1.6103515625
1.193359375
2.337890625
1.927734375
2.25390625
1.8662109375
1.6767578125
1.4052734375
1.3134765625
1.5771484375
0.697265625
1.0380859375
1.8427734375
0.9384765625
1.0361328125
2.39453125
1.91796875
1.6953125
1.5048828125
1.7314453125
2.30078125
1.44140625
1.3876953125
0.6435546875
2.171875
0.96826171875
1.740234375
0.76318359375
1.994140625
2.294921875
2.41796875
2.23828125
0.7353515625
1.2421875
1.8466796875
1.455078125
2.287109375
0.962890625
1.7060546875
2.130859375
1.1640625
1.251953125
1.44921875
1.708984375
1.326171875
1.185546875
1.876953125
2.01171875
2.380859375
1.796875
0.68115234375
0.962890625
1.4443359375
1.51171875
1.1748046875
0.79833984375
1.0029296875
2.310546875
1.9677734375
1.90625
1.779296875
1.185546875
0.65234375
2.0546875
1.52734375
0.76806640625
1.9375
1.2470703125
1.298828125
1.0439453125
0.44677734375
1.71484375
2.501953125
1.123046875
1.724609375
1.7490234375
1.1435546875
0.8369140625
1.9189453125
1.263671875
2.115234375
1.4287109375
1.2978515625
0.6572265625
1.544921875
1.634765625
1.048828125
0.48193359375
2.6015625
1.6728515625
0.96533203125
1.5517578125
1.087890625
1.2197265625
1.87109375
1.8818359375
1.2890625
2.212890625
2.25
1.68359375
0.73876953125
2.2734375
0.63427734375
2.22265625
0.97705078125
1.6767578125
1.1875
1.5
2.26171875
2.181640625
1.2041015625
1.7041015625
1.693359375
1.232421875
1.2548828125
1.6806640625
1.5576171875
1.5087890625
1.3095703125
0.74755859375
0.67138671875
0.7763671875
0.6240234375
0.8193359375
0.830078125
0.43212890625
0.98046875
1.0380859375
0.77197265625
0.80078125
0.84375
0.83056640625
1.0537109375
0.455810546875
0.77001953125
1.154296875
0.443115234375
0.70849609375
0.84326171875
0.74072265625
0.91845703125
1.341796875
0.56787109375
0.84326171875
1.0048828125
0.74951171875
0.87158203125
0.55908203125
1.05078125
0.56982421875
0.73046875
0.73681640625
0.6015625
1.04296875
0.60595703125
0.80810546875
0.8271484375
1.0947265625
0.669921875
0.896484375
0.7041015625
0.65478515625
1.111328125
0.77197265625
1.046875
0.71875
0.513671875
0.75146484375
0.93115234375
0.77587890625
1.296875
0.64404296875
0.8212890625
0.8203125
0.70166015625
0.97998046875
0.89501953125
0.78369140625
1.3154296875
0.86181640625
0.8056640625
0.7861328125
0.708984375
0.6240234375
0.7470703125
0.9150390625
0.92333984375
1.0380859375
0.8544921875
0.3935546875
0.91357421875
0.6796875
0.6298828125
0.98486328125
0.80078125
0.8486328125
0.8349609375
0.587890625
0.75634765625
0.9599609375
0.85205078125
0.6259765625
0.81982421875
0.7587890625
0.7294921875
0.7529296875
0.701171875
0.9501953125
0.8203125
0.7294921875
0.7060546875
1.1064453125
0.72705078125
0.88037109375
0.93994140625
0.78271484375
0.7412109375
0.90380859375
0.92138671875
0.78173828125
0.51904296875
0.55712890625
0.7373046875
0.85595703125
1.140625
0.72607421875
0.36669921875
1.259765625
0.763671875
1.0263671875
0.44775390625
1.076171875
0.7890625
0.759765625
0.83837890625
0.7236328125
0.953125
0.70263671875
1.0810546875
0.81689453125
0.953125
0.77880859375
0.76123046875
1.0146484375
0.84912109375
0.85546875
0.485107421875
0.8828125
0.93505859375
1.0234375
0.80908203125
1.232421875
1.359375
0.75
0.88330078125
1.2763671875
0.50927734375
0.79443359375
2.146484375
2.7578125
1.333984375
1.2763671875
0.7333984375
0.8662109375
1.6865234375
0.984375
1.2021484375
0.97021484375
0.9306640625
0.9482421875
0.8154296875
1.07421875
1.0380859375
1.53515625
0.77783203125
0.955078125
0.705078125
0.736328125
1.6015625
1.3369140625
1.365234375
0.8837890625
0.61376953125
0.8408203125
0.76220703125
1.2607421875
0.99462890625
0.95361328125
0.55419921875
1.2216796875
0.91943359375
0.85302734375
0.5244140625
0.6708984375
1.314453125
1.24609375
1.13671875
1.3603515625
0.70751953125
0.783203125
0.9052734375
1.0859375
1.0869140625
1.0537109375
1.1416015625
1.2021484375
1.111328125
1.0966796875
1.7529296875
1.0625
0.99365234375
0.70556640625
0.8740234375
0.9130859375
0.63232421875
1.1806640625
1.3330078125
0.7509765625
0.6708984375
1.0146484375
1.28125
1.6220703125
0.68701171875
0.9365234375
1.6162109375
0.75390625
0.61865234375
1.03515625
1.08984375
1.8505859375
0.841796875
1.0283203125
0.685546875
1.0234375
1.04296875
0.77734375
0.9931640625
0.60595703125
1.4306640625
1.205078125
1.7109375
0.9140625
1.0322265625
0.78857421875
0.8603515625
0.96826171875
1.6279296875
1.205078125
0.91796875
0.83056640625
1.0625
1.3955078125
1.3779296875
1.080078125
1.1083984375
1.1005859375
1.048828125
1.2333984375
1.064453125
0.953125
0.81591796875
0.853515625
0.79541015625
1.05859375
0.58740234375
1.1435546875
1.2783203125
1.01953125
0.96337890625
0.80322265625
0.78662109375
1.060546875
0.91845703125
0.9052734375
1.5634765625
