Layer: model.0.bn
0.878418
0.738770
1.371094
2.070312
1.369141
3.105469
2.732422
1.628906
1.626953
1.943359
1.649414
2.058594
6.019531
5.628906
1.828125
1.833008

Layer: model.1.bn
5.156250
3.853516
5.046875
5.539062
5.449219
2.757812
2.308594
3.818359
3.943359
4.906250
4.082031
5.230469
5.050781
4.132812
4.468750
4.976562
5.085938
5.554688
3.966797
4.761719
2.925781
5.917969
4.355469
4.945312
3.849609
2.494141
4.171875
4.238281
1.800781
4.972656
5.101562
3.638672

Layer: model.2.cv1.bn
1.334961
1.344727
0.892090
1.863281
1.312500
0.818848
1.357422
2.968750
0.964355
3.546875
2.728516
1.540039
1.042969
0.845215
1.197266
1.295898

Layer: model.2.cv2.bn
2.439453
1.280273
1.502930
2.871094
1.603516
5.671875
1.678711
1.264648
1.890625
3.314453
2.117188
2.355469
1.285156
1.040039
1.247070
2.132812

Layer: model.2.cv3.bn
1.024414
1.259766
0.623535
1.412109
0.659668
0.518066
1.048828
1.351562
1.086914
1.227539
1.374023
1.045898
1.026367
1.042969
1.725586
0.818359
0.894043
0.870117
0.968750
1.036133
0.705566
1.673828
1.345703
0.770508
1.423828
0.946777
0.568359
0.965332
1.075195
0.606445
1.765625
1.388672

Layer: model.2.m.0.cv1.bn
1.349609
1.868164
1.581055
3.453125
1.475586
1.329102
3.839844
3.812500
1.343750
3.007812
2.660156
1.986328
1.128906
1.206055
1.166016
3.044922

Layer: model.2.m.0.cv2.bn
2.701172
1.498047
1.785156
1.629883
1.527344
1.958984
1.531250
2.746094
1.257812
3.042969
1.878906
1.377930
2.232422
2.619141
1.597656
0.503418

Layer: model.3.bn
0.962891
0.865723
0.921875
0.937988
0.584473
0.736328
0.834961
0.865723
0.727051
0.694336
0.692383
0.850098
0.629395
1.030273
0.827637
0.969238
0.436523
0.826172
0.540527
0.513672
0.895508
0.768555
1.049805
0.625488
0.928711
0.568359
1.080078
0.655762
0.897461
1.035156
0.810547
0.611328
0.652344
0.947754
0.751953
0.504395
0.795898
0.643555
0.929199
0.905762
0.810547
0.976562
0.594727
1.139648
1.050781
0.583008
0.625000
0.933594
0.802734
0.704590
0.644531
0.882324
1.096680
1.266602
0.936035
0.803711
0.931641
1.065430
1.031250
0.735352
0.523926
1.005859
1.006836
0.956055

Layer: model.4.cv1.bn
0.323730
0.228394
0.415039
0.532227
0.510254
0.364502
0.487549
0.535645
0.342773
0.281738
0.454346
0.304199
0.303711
0.625488
0.379639
0.449707
0.316895
0.349121
0.659180
0.831055
0.839355
0.495361
0.216797
0.626465
0.292236
0.311035
0.357422
0.478027
0.334717
0.246826
0.419678
0.236938

Layer: model.4.cv2.bn
1.101562
1.198242
0.885254
0.674316
0.673340
0.754883
0.872070
0.695312
0.994629
0.737305
0.969238
1.337891
1.091797
1.245117
1.044922
1.236328
0.748535
0.823730
1.232422
0.879395
1.229492
0.706055
0.933594
0.575195
0.991211
1.191406
0.759277
0.883789
1.228516
0.969238
0.890137
0.772461

Layer: model.4.cv3.bn
0.842285
0.692383
0.398682
0.685059
0.578613
0.420898
0.638672
0.671387
0.514648
0.719238
0.515625
1.006836
0.730469
0.766602
0.508301
0.465576
0.684082
0.731445
0.537598
0.408936
0.595215
0.742188
0.651367
0.524902
0.740234
0.543945
0.575684
0.631348
0.781738
0.484619
0.526855
0.906738
0.630371
0.468262
0.770020
0.494873
0.720703
0.855957
0.667480
0.755371
0.632812
0.763672
0.747070
0.640625
0.821289
0.560547
0.654785
0.413330
0.794922
0.477539
0.519043
0.611816
0.432129
0.594238
0.900879
0.436279
0.703125
0.932617
0.590820
0.540039
0.708008
0.715820
0.801270
0.459229

Layer: model.4.m.0.cv1.bn
0.614746
0.931641
0.953613
0.530762
1.072266
0.400879
0.832031
0.501465
0.988281
0.900879
0.940918
1.014648
0.926758
0.769531
0.448975
0.795898
1.153320
1.156250
1.259766
0.874023
1.233398
0.814453
0.770996
0.742188
0.597656
0.814941
0.888672
0.538574
0.696289
0.868164
0.574219
0.607910

Layer: model.4.m.0.cv2.bn
0.564453
0.927246
0.672363
0.671387
0.795898
0.702637
0.568359
0.775879
0.725586
0.596680
0.780273
0.756348
0.904297
0.430420
0.671387
0.689453
0.519043
0.511230
0.856934
0.918945
1.131836
0.898438
0.702148
0.805664
0.892578
0.759277
0.842773
0.597656
0.743164
0.450439
0.697266
0.407959

Layer: model.4.m.1.cv1.bn
0.887207
0.924316
0.633301
0.817383
0.984375
0.976562
0.421143
0.803223
0.721191
0.856934
0.616699
0.773438
0.902344
0.898926
0.634766
0.868652
0.576172
0.615234
0.816406
0.768555
0.351074
0.581543
0.573730
0.811523
0.490723
0.637207
0.733887
0.498535
0.825684
0.381592
0.599609
0.787109

Layer: model.4.m.1.cv2.bn
0.658203
1.516602
0.712891
0.903320
0.733398
1.055664
0.632324
0.659668
1.469727
0.831543
1.331055
0.735352
1.118164
1.471680
0.974121
0.939941
0.779785
0.709961
1.179688
1.137695
1.199219
0.715820
1.014648
0.856934
1.344727
1.081055
1.343750
0.822266
0.883301
0.774414
0.855469
0.676270

Layer: model.5.bn
0.535156
0.492920
0.757812
0.764160
0.543945
0.575684
0.755859
0.719727
0.746582
0.580566
0.718750
0.757812
0.781250
0.917969
0.748535
0.724609
0.820312
0.584473
0.778809
0.837891
0.763672
0.817871
0.603027
0.744141
0.645996
0.755371
1.037109
0.704590
0.558594
0.677246
0.756836
0.909180
0.874023
0.962891
0.831543
0.909668
0.471680
0.536133
0.845703
0.700684
0.861816
0.850586
0.729492
0.766602
0.644043
0.649902
1.271484
0.441895
0.557617
0.797363
0.404053
1.107422
0.882324
0.614258
0.887695
0.457764
0.570801
0.592285
0.618164
0.638184
0.547852
0.509277
0.580566
0.530762
1.020508
0.520996
1.207031
0.464844
0.958496
0.530273
1.031250
0.686035
0.719727
0.895020
0.641602
0.619141
0.859863
0.527832
0.850098
0.729004
0.504395
0.625000
0.647949
0.750977
0.756348
1.194336
0.644043
0.954102
0.651855
0.700684
0.630859
0.525391
0.615723
0.643555
0.856445
0.774902
1.012695
0.543457
1.551758
0.631836
0.729004
0.644531
0.536621
0.872070
0.742188
0.686523
0.683594
0.732422
0.416748
0.702148
0.785156
0.589844
0.625977
0.880371
0.620117
0.643066
0.484863
0.561035
0.806152
0.408203
0.566895
0.514648
0.641602
0.499756
0.755371
0.797852
0.534668
0.845215

Layer: model.6.cv1.bn
0.453857
0.314697
0.308350
0.358154
0.251709
0.622070
0.319580
0.265381
0.295898
0.303711
0.568848
0.320068
0.404053
0.379883
0.314209
0.272461
0.260254
0.270264
0.442139
0.325439
0.383301
0.457031
0.247925
0.686523
0.693359
0.221802
0.382568
0.352783
0.207031
0.233643
0.554199
0.395264
0.341797
0.452393
0.405029
0.422119
0.275146
0.267334
0.248779
0.545410
0.378662
0.258789
0.319580
0.879883
0.336426
0.252686
0.236938
0.385742
0.519531
0.240356
0.213623
0.214844
0.367920
0.387695
0.481445
0.224731
0.443359
0.448730
0.385986
0.297852
0.574219
0.695801
0.190186
0.369629

Layer: model.6.cv2.bn
0.749512
0.840820
1.040039
0.847656
1.173828
1.199219
1.083984
0.893555
1.009766
1.007812
1.247070
0.927734
0.981934
1.059570
0.820312
1.528320
1.078125
0.891113
0.797852
0.900391
0.837402
1.098633
0.958984
1.164062
0.967773
1.239258
1.075195
1.201172
1.300781
1.096680
0.771973
1.133789
0.949707
1.129883
1.021484
1.083984
1.335938
0.982422
0.803223
1.077148
1.171875
1.120117
0.997559
0.965820
1.194336
0.788086
0.886719
1.022461
1.167969
1.034180
1.084961
1.150391
1.022461
0.994629
1.329102
1.209961
0.830078
1.063477
1.021484
1.073242
1.333984
1.267578
0.903320
1.074219

Layer: model.6.cv3.bn
0.821777
0.989746
0.645020
0.900391
1.083984
0.482910
0.990723
0.532227
0.841309
0.691406
0.943848
0.784668
0.952148
0.763184
0.488037
0.912598
0.851562
0.929688
0.612793
0.664551
0.586914
0.978027
0.579102
0.900391
0.628906
0.609863
0.658203
0.844238
0.953613
0.851074
0.530762
0.570312
0.454834
0.735352
0.728516
0.682129
0.568848
0.525391
0.888672
0.976562
0.800781
0.625000
0.844238
0.991699
0.636230
0.885254
0.848145
0.871094
0.890137
0.486816
0.654785
0.857422
0.506836
0.868652
0.910156
0.774902
0.911621
0.750488
0.683105
0.878906
0.895508
0.659180
0.933594
0.780762
0.967773
0.924316
1.075195
0.793457
0.946289
1.001953
0.559082
0.769043
0.787598
0.521973
0.697266
0.574219
0.960938
0.623535
0.800781
0.808594
0.972656
1.111328
0.907715
0.750000
0.735352
0.571777
0.719238
0.634766
0.723145
0.730957
1.129883
0.638184
0.636230
1.171875
0.602051
0.707031
0.983887
0.639160
0.687012
0.705566
0.885742
0.909180
0.825195
1.217773
1.085938
0.814941
0.480469
0.542480
0.890137
0.516113
0.547363
0.650391
0.922852
0.604492
0.457275
0.602539
0.888184
0.853027
0.754883
0.842773
0.823730
0.892090
0.695801
0.927734
0.605469
1.017578
0.778320
0.963379

Layer: model.6.m.0.cv1.bn
1.058594
0.791504
1.134766
1.187500
0.458496
1.204102
0.989258
0.543457
1.233398
1.126953
1.513672
1.182617
1.164062
1.113281
0.715332
0.950684
0.969238
1.172852
1.220703
0.890137
1.089844
1.057617
0.968262
1.616211
1.173828
1.034180
0.679688
0.708008
1.315430
1.200195
0.739746
0.879395
0.880859
0.706055
0.767090
1.213867
1.211914
0.682129
1.047852
0.703613
0.953125
1.143555
1.206055
1.138672
1.166992
1.165039
1.132812
1.001953
0.950195
0.825684
1.086914
1.026367
1.075195
1.105469
1.224609
1.003906
0.928711
1.165039
1.119141
0.569824
0.683105
1.423828
1.148438
1.102539

Layer: model.6.m.0.cv2.bn
1.008789
0.271484
0.709473
0.570801
0.482178
0.591309
0.353516
0.536621
0.591797
0.609375
0.742188
0.492920
0.866211
0.551758
0.659668
0.541504
0.399902
0.414795
0.775879
0.647461
0.686035
0.618652
0.707520
0.694824
0.746582
0.613281
0.489014
0.254150
0.462158
0.625488
0.322021
0.385742
0.366455
0.507812
0.388184
0.602539
0.364990
0.446045
0.614746
0.433105
0.594238
0.580566
0.603027
0.753418
0.489258
0.548828
0.586426
0.641602
0.742676
0.245850
0.616699
0.628906
0.478516
0.532715
0.665039
0.505371
0.466553
0.447266
0.708984
0.619629
0.643066
0.662109
0.342285
0.296387

Layer: model.6.m.1.cv1.bn
0.841309
0.620117
0.680664
0.888184
0.928711
1.034180
0.404053
0.954102
0.815918
0.852051
0.524414
0.909180
0.760254
0.779297
1.032227
0.817383
0.458252
0.950195
1.112305
0.783691
1.208984
0.894531
0.799805
0.854980
1.145508
0.662598
1.142578
0.984863
0.611816
0.734863
1.161133
1.081055
0.878418
0.668945
0.970703
0.781738
0.808594
0.952148
1.028320
0.927246
1.002930
1.036133
0.908203
0.972656
1.072266
0.931152
0.966797
0.795898
0.954590
0.892578
0.995117
0.989258
0.832520
1.027344
0.959473
0.649414
0.580566
1.122070
1.074219
0.697754
1.030273
0.842285
0.699707
0.989746

Layer: model.6.m.1.cv2.bn
1.372070
0.899414
0.908691
0.447754
0.625000
0.728516
0.790039
0.849121
0.761230
0.913086
1.036133
0.730469
0.557617
1.100586
0.635254
1.041016
0.639160
0.520996
0.696289
0.859375
0.905762
0.491455
0.673340
0.701660
0.798340
0.723633
0.563477
0.496582
0.787598
0.844238
0.676758
0.626953
0.656738
0.493896
0.407715
0.698242
0.876953
0.742188
0.783203
0.748047
0.784180
1.583008
0.436523
0.801270
0.790039
0.784668
0.585449
0.822266
0.730957
0.514160
1.022461
0.897461
0.559082
0.816406
0.600586
0.677734
0.557617
0.801758
0.879395
0.562012
0.494385
0.971191
1.001953
0.645996

Layer: model.6.m.2.cv1.bn
0.713379
0.887207
0.514160
1.041992
1.003906
0.763672
0.703613
0.997070
1.105469
0.353760
0.762207
0.850586
0.876465
0.998535
0.812012
1.023438
0.757812
1.041016
1.171875
1.166016
1.044922
0.896484
0.953613
0.935059
1.102539
0.893066
0.650391
0.930664
1.153320
0.822754
0.817383
0.560059
0.835938
0.845703
0.900391
1.045898
0.803223
0.944824
0.993164
1.023438
1.084961
0.677246
0.796387
0.987793
0.822266
0.796875
0.988770
0.700195
1.115234
0.757812
0.906250
1.035156
1.057617
0.859863
1.173828
0.603027
0.781250
0.959961
0.939453
0.851074
1.045898
0.872559
0.916504
1.004883

Layer: model.6.m.2.cv2.bn
1.343750
1.014648
1.266602
0.848633
0.748047
1.070312
1.269531
0.839844
0.849609
1.170898
0.593750
1.201172
0.776367
1.123047
1.038086
1.010742
0.708008
0.730957
0.882324
0.930664
1.086914
0.806152
1.018555
1.189453
0.588867
1.110352
0.731934
0.642578
0.736816
0.882812
0.808594
1.060547
1.813477
0.664062
0.666504
1.144531
0.902344
0.800293
1.193359
0.944824
0.870117
1.069336
0.874023
0.921875
0.870605
1.349609
1.046875
1.150391
1.037109
0.688477
1.326172
1.226562
1.134766
1.241211
1.192383
1.009766
1.109375
1.059570
1.126953
1.068359
0.959473
1.055664
1.271484
0.963867

Layer: model.7.bn
0.917480
1.066406
0.789062
0.776855
1.022461
1.042969
0.634766
0.831055
1.051758
0.906250
0.881836
0.975586
1.015625
1.013672
0.970215
0.866211
0.770996
0.980469
0.841797
0.861816
1.140625
1.056641
0.735840
0.791992
0.896973
0.917969
0.906250
0.920898
0.788574
1.048828
1.367188
0.718262
0.849609
0.807617
0.865234
0.881836
0.960449
1.076172
1.062500
0.929688
0.815918
0.768555
0.974121
0.799316
0.954590
0.724121
1.073242
1.122070
0.886230
0.860840
0.937988
0.875977
0.911621
0.677734
0.735352
0.730957
0.912598
0.979004
0.949707
0.826172
0.869141
1.227539
0.934570
0.942383
0.730957
0.926270
0.955566
1.174805
0.893066
0.758301
0.804688
0.877930
0.693848
0.902832
0.843262
0.897949
0.811523
0.944824
0.929199
0.875000
1.035156
0.829590
1.070312
0.763672
0.937988
0.720215
1.124023
1.301758
0.961914
0.956543
0.882812
0.732422
0.795898
0.986328
0.902832
0.880371
0.948730
1.186523
0.969238
0.942383
1.075195
0.737305
0.886719
0.881836
0.929199
0.833008
1.275391
0.752930
0.783691
0.892090
0.996582
0.994141
0.757812
0.958496
1.169922
0.685547
0.820801
1.132812
0.804199
0.870605
0.850586
0.872070
0.661133
1.469727
0.812012
1.026367
0.791016
0.708008
0.846680
0.974609
0.901367
0.766113
0.789062
0.807617
0.767578
0.917480
0.933105
0.914551
0.697266
0.950684
0.896973
0.650879
0.838379
0.803711
0.843262
1.093750
1.164062
0.811523
0.678711
0.912109
1.020508
0.936035
0.820801
0.881836
0.936523
1.146484
0.913574
0.832520
0.920410
0.764160
0.919922
0.860840
0.702148
0.757812
0.762695
0.797852
1.044922
1.256836
0.905762
0.891602
0.845703
1.070312
0.813965
0.850586
0.734375
0.770996
0.654785
0.681641
0.846680
1.028320
0.883789
1.494141
0.865723
0.905762
0.787109
0.851074
1.057617
0.838379
0.726562
0.698242
0.873535
0.992676
0.781738
0.857910
0.702148
0.864258
0.988770
0.813477
1.113281
0.827637
0.898926
0.758301
0.911133
1.096680
0.682617
0.821777
1.071289
0.936035
0.770996
0.689453
0.798340
0.727539
1.006836
0.729004
0.846191
1.363281
0.987305
0.952637
0.937988
0.882812
0.922363
1.173828
0.950195
0.819336
0.773926
0.961426
0.910645
0.888184
0.876465
0.539062
1.025391
0.824219
1.023438
0.746582
0.920410
1.124023
0.992188
1.310547
1.109375
0.750000
0.854980
0.768066
0.748047
0.846191
0.953125
0.693359
0.924805
0.757324
0.867188
0.765625
0.983398
0.962402
0.822266
0.792969
0.961914
0.926758

Layer: model.8.cv1.bn
0.367188
0.545898
0.333252
0.532227
0.284180
0.223267
0.313477
0.663086
0.520020
0.410400
0.321777
0.464844
0.322510
0.301025
0.552734
0.466064
0.503906
0.366211
0.345215
0.320068
0.626953
0.488770
0.585938
0.592773
0.400879
0.409912
0.539551
0.797363
0.258057
0.647461
0.310059
0.560547
0.380127
0.425781
0.311768
0.487549
0.595703
0.366943
0.630859
0.441895
0.475586
0.588379
0.242676
0.328613
0.489990
0.800781
0.565430
0.616211
0.558594
0.708008
0.590332
0.626953
0.430664
0.717773
0.585449
0.313721
0.365479
0.450928
1.113281
0.744141
0.502441
0.276855
0.329590
0.407959
0.461670
0.800781
0.464355
0.559082
0.430908
0.271240
0.615723
0.699707
0.349365
0.587402
0.368408
0.617188
0.457764
0.297607
0.640137
0.372314
0.462402
0.429688
0.560059
0.591309
0.514648
0.349609
0.493408
0.576172
0.447266
0.371582
0.326416
0.466309
0.616699
0.577148
0.456055
0.344238
0.463135
0.664551
0.455322
0.453125
0.619629
0.552734
0.670898
0.372803
0.653809
0.488525
0.415039
0.357178
0.472168
0.270508
0.487305
0.520508
0.487305
0.562012
0.618164
0.329102
0.512207
0.476562
0.626465
0.611328
0.490234
0.604492
0.327148
0.630859
0.327881
0.774414
0.545898
0.535645

Layer: model.8.cv2.bn
1.170898
1.023438
1.046875
0.892578
1.019531
1.094727
1.149414
1.129883
1.013672
1.231445
0.876465
1.103516
1.015625
1.017578
1.095703
1.127930
1.252930
1.304688
1.056641
1.391602
1.488281
1.024414
1.207031
1.299805
1.244141
1.106445
1.061523
0.999512
0.997070
1.272461
1.050781
1.023438
1.201172
1.159180
0.944336
1.007812
1.130859
1.212891
1.080078
1.366211
1.176758
1.152344
1.162109
1.307617
0.927734
1.208008
1.063477
0.873535
1.258789
1.178711
1.248047
1.140625
0.983398
1.302734
1.376953
0.948242
1.024414
0.950195
1.056641
1.369141
0.991211
1.164062
1.016602
1.080078
1.031250
1.118164
1.029297
1.341797
1.254883
0.979980
1.079102
1.102539
0.966309
1.079102
0.983398
1.208984
1.138672
1.108398
1.075195
0.901367
1.061523
1.080078
1.002930
1.150391
1.060547
1.051758
1.030273
0.975586
1.085938
1.021484
1.040039
1.147461
1.128906
1.021484
1.009766
1.115234
1.136719
0.999512
1.122070
1.124023
1.026367
1.135742
0.947754
0.992188
1.204102
1.102539
1.164062
1.231445
1.065430
1.060547
0.962402
0.891602
1.056641
0.935059
1.106445
1.183594
1.109375
1.004883
1.218750
1.040039
1.122070
1.182617
1.337891
1.100586
1.332031
1.218750
1.204102
1.117188

Layer: model.8.cv3.bn
0.939453
0.877930
0.792969
1.222656
0.857910
1.083008
0.886719
1.108398
1.136719
1.033203
1.533203
0.878418
0.888672
0.924316
1.084961
1.255859
1.275391
0.889160
0.825195
1.488281
1.122070
1.039062
1.155273
1.298828
0.742188
0.971191
0.875977
0.891113
0.975098
1.066406
1.014648
0.915039
1.042969
1.148438
1.138672
0.988281
1.093750
0.947266
0.869141
1.139648
1.059570
1.139648
1.404297
0.848633
0.987305
1.263672
1.101562
1.115234
1.063477
1.359375
0.866699
1.030273
1.351562
0.990234
0.869141
0.845215
1.007812
1.116211
1.444336
1.297852
1.057617
0.836914
1.276367
0.870605
1.122070
0.951172
0.865234
1.226562
1.155273
0.995117
1.387695
0.916016
1.501953
1.006836
1.168945
1.004883
1.034180
1.466797
1.689453
1.061523
1.281250
0.944824
0.997070
1.003906
1.155273
1.023438
0.989746
1.240234
1.274414
0.932617
0.985840
0.897461
1.784180
1.282227
0.768066
1.356445
2.216797
1.052734
1.237305
0.895508
0.947266
1.236328
1.455078
0.884277
1.612305
1.040039
0.924316
1.187500
1.146484
1.082031
1.000977
1.156250
1.050781
1.131836
1.089844
1.099609
1.293945
0.972656
1.419922
0.802246
0.837402
1.275391
0.994629
1.351562
0.951172
1.223633
1.529297
1.059570
0.805664
0.919434
1.072266
1.005859
1.194336
0.990723
0.909180
1.072266
1.405273
0.963867
0.808594
1.097656
0.943848
0.894531
1.255859
1.284180
1.403320
1.947266
0.937012
1.352539
1.554688
0.903320
1.059570
1.062500
0.832031
1.100586
1.277344
1.075195
1.079102
1.165039
1.014648
0.934570
1.025391
0.955078
1.092773
1.039062
0.873535
1.055664
0.966797
1.139648
1.267578
0.890137
0.708008
1.058594
0.958008
0.930176
0.923340
1.204102
0.975098
0.804688
0.946289
1.097656
1.054688
1.351562
1.019531
1.177734
1.004883
1.038086
0.814941
1.246094
0.936035
1.070312
1.262695
0.970703
1.270508
1.178711
1.113281
0.986328
0.939941
1.153320
1.197266
1.096680
0.999023
0.840332
0.821777
0.927734
0.816895
0.750488
0.975586
1.170898
1.117188
0.975586
0.834961
0.802246
1.247070
1.070312
1.414062
0.932129
0.871582
1.314453
1.558594
0.929688
1.975586
1.000000
1.074219
1.027344
0.916504
1.249023
1.010742
1.066406
1.250000
1.070312
1.330078
1.089844
1.535156
1.224609
0.833984
0.945312
1.082031
1.269531
0.928223
1.260742
0.886719
1.221680
0.880371
0.968750
0.795898
1.206055
1.325195
1.044922
1.130859
0.936035
1.155273
0.947266
1.077148
0.875977
0.954102
1.308594

Layer: model.8.m.0.cv1.bn
1.289062
1.053711
1.118164
1.139648
1.291016
1.249023
1.146484
1.121094
1.189453
1.336914
1.026367
0.989746
1.437500
1.269531
0.993652
1.117188
1.081055
1.258789
1.275391
0.929688
1.367188
0.913574
1.274414
0.832031
1.807617
0.907715
1.254883
0.319336
1.109375
1.134766
1.279297
1.300781
1.407227
1.200195
1.236328
1.290039
1.362305
1.125000
1.040039
1.014648
1.377930
0.994629
1.193359
1.134766
0.991211
1.421875
1.546875
1.313477
1.234375
0.975098
1.195312
1.166992
0.922852
1.244141
1.212891
1.202148
1.637695
1.116211
1.297852
1.515625
1.150391
1.192383
1.179688
1.272461
1.263672
1.356445
1.150391
1.224609
1.125000
1.292969
1.180664
1.384766
1.192383
1.170898
1.244141
1.009766
1.291992
1.135742
0.987793
1.096680
1.174805
1.350586
1.229492
1.310547
1.160156
1.067383
1.167969
1.521484
1.385742
1.109375
1.131836
1.212891
0.991699
1.007812
1.339844
1.348633
1.005859
1.004883
1.137695
1.187500
1.137695
1.245117
0.884277
0.952148
1.237305
1.233398
1.025391
1.364258
1.105469
1.318359
1.582031
1.294922
1.261719
1.327148
1.159180
1.472656
1.083008
1.191406
1.302734
1.218750
1.276367
1.320312
1.235352
1.204102
1.230469
1.034180
1.104492
1.342773

Layer: model.8.m.0.cv2.bn
1.347656
1.276367
1.414062
1.416992
1.405273
1.563477
1.166016
1.275391
1.104492
0.939453
1.299805
1.208984
1.041016
1.375000
1.426758
1.227539
1.858398
1.450195
1.464844
1.257812
1.671875
1.351562
1.436523
1.763672
1.134766
1.267578
1.043945
0.929199
0.954590
1.253906
1.737305
1.291016
1.284180
1.864258
1.315430
0.940918
1.411133
1.318359
1.045898
1.432617
1.141602
1.089844
1.380859
2.220703
1.346680
1.210938
1.203125
1.083008
1.178711
1.524414
1.216797
1.140625
1.377930
2.453125
1.867188
1.199219
1.126953
1.160156
1.102539
1.291016
1.132812
1.385742
1.661133
2.005859
1.500977
1.498047
0.963867
1.519531
1.287109
1.461914
1.287109
1.707031
1.543945
0.873535
1.433594
1.206055
1.430664
1.045898
1.348633
0.920898
1.034180
1.115234
1.279297
1.166992
1.083984
1.468750
1.297852
1.021484
1.217773
1.266602
1.295898
1.393555
1.284180
2.000000
1.355469
1.549805
1.532227
2.591797
1.185547
1.166016
1.612305
1.276367
1.357422
1.503906
0.841797
1.041992
1.323242
1.319336
1.400391
1.346680
1.197266
0.905273
1.138672
1.284180
1.403320
0.933105
1.472656
1.261719
1.351562
1.074219
1.737305
1.417969
1.250977
1.307617
1.261719
1.293945
1.250977
1.486328

Layer: model.9.cv1.bn
0.741211
0.617676
0.912598
0.854980
0.943848
0.611816
0.786621
0.818359
0.955566
0.857910
0.932129
0.621582
0.762207
0.674805
0.784180
0.627930
0.782227
0.759766
0.828613
0.675781
0.652344
0.618652
1.630859
0.650879
0.788574
0.647461
0.788574
0.562500
0.655762
0.685059
0.762207
0.677734
0.629883
0.786133
0.837402
0.639160
0.722168
0.599121
0.921875
0.796875
0.726074
0.609375
0.825684
0.626465
0.605957
0.814453
0.799805
0.737793
0.851074
0.686523
0.824219
0.753906
0.684570
0.602539
0.599609
0.909668
0.693359
0.720215
0.775879
1.463867
0.802734
0.856934
0.638672
0.809082
0.638672
0.787598
0.870605
0.769531
0.707031
0.736816
0.641602
0.796387
0.907715
0.789062
0.632812
0.798340
0.791504
0.713379
0.677734
0.603027
1.233398
0.632812
0.700684
0.819336
1.287109
0.664551
0.589844
0.943359
0.601074
1.583008
0.642090
0.532715
0.984863
0.992676
0.621094
0.768066
0.717285
0.734375
0.763184
0.660156
0.873535
0.775391
0.817383
0.796875
0.738770
0.835938
0.816895
0.721680
0.868652
0.640625
0.693359
0.895508
0.691406
0.687500
0.620117
0.641602
1.555664
0.708496
0.726074
0.737793
0.607422
0.780273
0.851074
0.709961
0.801758
0.673340
0.987793
0.748047

Layer: model.9.cv2.bn
0.647949
0.763184
0.765625
0.795410
0.929199
1.179688
1.002930
0.787598
1.064453
0.554688
0.787109
0.839844
0.663574
0.728516
0.639160
0.912598
0.995117
0.798828
0.729004
0.650879
1.087891
1.055664
0.870117
1.014648
0.764160
0.868652
0.814941
0.895020
0.813477
0.541992
1.002930
0.957520
1.145508
0.651367
0.664551
0.635742
0.598633
0.835938
0.738770
0.768066
0.831055
0.698730
0.620605
0.578125
0.723633
0.586914
0.875000
0.876953
0.682129
0.922852
0.727051
0.977051
0.725098
1.030273
0.551270
0.853027
0.757324
0.865723
0.785156
0.707031
0.609375
0.729004
0.832520
0.903809
0.712891
0.792480
0.891113
0.622559
0.842773
1.154297
0.801270
0.864258
1.208008
0.640625
0.880859
0.729004
0.750977
0.750000
0.766113
0.733398
0.898438
0.852051
0.967285
0.647461
0.873047
0.514648
0.616211
1.001953
1.208984
0.920410
1.004883
0.755371
0.541992
0.749512
0.736328
0.733887
1.048828
0.938477
0.921875
1.100586
0.897461
0.651855
1.320312
0.907227
0.827637
0.670410
0.912598
0.844238
1.025391
0.736328
0.715332
0.630859
0.666016
1.023438
1.004883
0.919922
0.802734
0.743652
0.716309
0.749023
1.110352
0.709961
0.793945
0.925293
0.646973
1.001953
0.931641
1.048828
0.847656
0.800781
0.787109
0.953125
0.685059
0.786621
1.208008
0.752930
0.870117
1.169922
0.658691
0.771973
0.866699
0.724609
0.619629
0.787109
0.520996
1.077148
0.554688
0.918945
0.911621
0.642090
0.773926
0.696289
0.807129
0.777344
1.151367
0.789062
0.920898
1.322266
0.817871
0.721680
0.753906
0.812500
0.786133
0.957520
0.715332
0.902832
0.758301
0.806152
0.921387
0.859375
0.741699
1.024414
1.048828
0.673340
0.938965
0.859863
0.803711
0.708984
0.757324
0.881348
0.688477
0.741211
0.841797
0.961914
0.572754
1.083008
1.066406
0.452637
0.920898
0.876465
0.872559
1.059570
0.601074
0.741699
0.660645
0.832520
0.567383
0.786133
0.774414
0.878418
1.181641
0.819336
0.868164
0.587402
0.918945
0.684082
0.997070
0.686523
0.981445
1.123047
1.053711
0.937988
0.791504
0.843750
1.049805
0.852051
0.850586
0.965820
0.889160
0.736328
0.727051
0.960938
0.802734
0.732910
0.825684
0.914062
0.946777
0.382324
1.117188
0.851562
1.133789
0.962402
0.847656
0.844238
1.321289
0.711426
0.816895
0.834473
0.801270
0.776367
1.037109
0.770020
1.112305
0.858398
0.931152
0.829102
0.922852
0.773438
0.755859
0.954590
0.622559
0.962402
0.849121
0.711914
0.510254
1.031250

Layer: model.10.bn
0.865234
0.596191
0.773438
1.133789
0.410645
1.017578
1.164062
0.562012
0.904297
0.643066
0.933105
0.532715
0.646973
0.644531
1.173828
1.014648
0.820312
0.827148
1.021484
0.770508
0.851074
0.889160
0.744629
0.639160
0.874512
0.478271
0.915039
0.805664
1.014648
1.028320
0.927734
1.050781
0.810547
1.196289
0.770508
0.726562
0.991211
0.888184
0.969727
0.693848
0.788574
1.185547
0.541016
1.006836
0.859863
0.882812
1.054688
1.069336
0.829590
0.784180
0.801270
0.969238
1.080078
0.777344
0.934082
0.992188
0.938965
0.813477
0.516113
0.517578
1.175781
0.967773
0.719727
0.948730
1.008789
1.115234
0.461426
0.865234
0.766602
0.801270
0.842285
0.835449
0.751953
1.086914
0.820312
0.870605
1.053711
1.281250
1.015625
1.129883
0.854980
0.954102
0.463623
0.734863
0.858398
0.801270
0.634766
0.729980
0.728516
0.923828
0.971191
0.420166
0.715332
0.713867
0.775879
0.900391
0.721680
1.051758
0.923340
1.064453
0.804199
0.674805
0.583496
0.774414
0.616699
0.811035
0.702148
0.542969
0.699219
1.039062
0.756836
1.212891
1.000000
0.642090
0.946777
0.668457
0.838379
0.772461
0.836426
0.492676
1.429688
0.694824
0.994141
0.796875
0.946289
1.034180
0.665527
1.008789

Layer: model.13.cv1.bn
0.935547
0.786621
0.667969
0.791016
0.704102
0.684570
0.784180
0.474609
0.413818
0.408936
0.606445
0.831055
0.609863
0.424316
0.544434
0.540527
0.445312
0.545898
0.472656
0.431152
0.557129
0.576660
0.370361
0.620117
0.644043
0.944336
0.484619
0.736816
0.637207
0.621582
0.706543
0.614258
0.477295
0.376465
0.745605
0.617188
0.406738
0.568848
0.490479
0.618652
0.433594
0.701660
0.440918
0.941406
0.914551
0.552246
0.545410
0.776855
0.750488
0.694824
0.717285
0.696777
0.599609
0.498291
0.536621
0.672852
0.671875
0.531738
0.779785
0.664062
0.710449
0.525879
0.446289
0.712891

Layer: model.13.cv2.bn
0.706055
0.546387
0.891602
0.675781
0.659668
0.544434
0.418945
0.582031
0.670898
0.768555
0.434570
0.699219
0.444092
0.473877
0.805176
0.534668
0.581543
0.370117
0.683105
0.443848
0.593262
0.654785
0.581055
0.784668
0.561523
0.836914
0.381348
0.661621
0.724121
0.886719
0.461670
0.768555
0.586426
0.639160
0.533691
0.761230
0.487793
0.781738
0.592773
0.733398
0.694336
0.536133
0.497559
0.388428
0.867188
0.616699
0.798340
0.603027
0.691895
0.640625
0.599121
0.838379
0.679688
0.786621
0.675781
0.472900
0.554688
0.610840
0.845703
0.807617
0.543457
0.807617
0.579590
0.961914

Layer: model.13.cv3.bn
0.830078
0.743164
0.887695
0.453857
0.695801
0.630371
0.741211
0.612305
0.680664
0.884277
0.798828
0.542480
0.594238
0.531250
0.645996
0.715332
0.811035
0.539062
0.643066
0.616211
0.696289
0.562988
0.798828
0.579590
0.814453
0.776855
0.602051
0.623047
0.817871
0.500000
0.559082
0.671387
0.649902
0.915039
0.779297
0.616211
0.743164
0.824707
0.566895
0.936035
0.717773
0.698730
0.392578
0.707520
0.533203
0.525879
0.543457
1.266602
0.911621
0.625977
0.560059
0.464111
0.793945
0.753418
0.764648
0.659668
0.545410
0.676270
0.870117
0.582031
0.569824
0.437744
1.064453
0.474121
0.543945
0.796875
0.741211
0.429443
0.712891
0.717773
0.503906
0.714844
0.600098
0.671875
0.635742
0.505859
0.769043
1.107422
0.676270
0.429688
0.671387
0.354736
0.660645
0.678223
0.567871
0.868164
0.805664
0.639648
0.616211
0.944824
0.330078
1.136719
0.623047
0.462891
0.428223
0.756348
0.913574
0.628906
0.785645
0.622559
0.716309
0.503418
0.681641
0.553223
0.926758
1.063477
0.588379
0.810059
0.494629
0.719727
0.603516
1.129883
0.698730
0.721191
0.670410
0.810059
0.500000
0.584473
0.866211
0.693848
0.395996
0.909180
0.877930
0.487793
0.816895
0.862793
0.842773
0.567871

Layer: model.13.m.0.cv1.bn
0.759766
0.702637
0.779785
0.615234
0.604980
0.675781
0.521973
0.865234
0.716309
0.502930
0.525879
0.657227
0.596680
0.426758
0.428467
0.476318
0.510742
0.475586
0.755859
0.772949
0.508789
0.459229
0.745117
0.528809
0.783203
0.606445
0.975586
0.462646
0.404053
0.649414
0.489258
0.760254
0.571289
0.602539
0.628418
0.851074
0.902344
0.735840
0.654297
0.762207
0.734863
0.791992
0.679688
0.609375
0.918945
0.526855
0.836426
0.520996
0.546387
0.538086
0.667480
0.773438
0.521484
0.913574
0.706055
0.649414
0.540527
0.808105
0.664062
0.257568
0.561523
0.876465
0.582031
0.456055

Layer: model.13.m.0.cv2.bn
0.738770
0.925293
0.691895
0.649902
0.522949
1.001953
0.584473
0.385254
0.627441
0.524414
0.945801
0.637695
0.791504
0.988281
0.878418
0.557129
0.998535
0.618164
0.397705
0.779785
0.894531
0.542969
0.703613
0.471924
0.970703
0.912598
0.498535
0.876953
0.974609
0.610840
0.535156
0.921387
0.457520
0.421387
0.860840
0.833496
0.836914
0.465088
0.893555
0.536621
0.481201
0.469482
0.559570
0.454834
0.518066
0.680176
0.830078
0.393799
0.842285
0.818848
0.694824
0.441406
0.490723
0.762695
0.818359
0.698730
0.362549
0.604492
0.612793
0.599121
0.661621
0.785156
0.846680
0.612305

Layer: model.14.bn
0.598633
0.442383
0.626953
0.397705
0.717285
0.425049
0.495361
0.688965
0.756836
0.522461
0.380371
0.605957
0.468750
0.568359
0.538574
0.659180
0.678711
0.782715
0.926758
0.639648
0.731445
0.496338
0.357666
0.534180
0.710938
0.581543
0.834961
0.637207
0.589355
0.431641
0.627930
0.515625
0.504395
0.654297
0.426025
0.398926
0.595703
0.403076
0.748047
0.543457
0.362061
0.711426
0.741699
0.434570
0.498291
0.643066
0.564941
0.603516
0.552246
0.492920
0.571289
0.412354
0.425781
0.464355
0.534180
0.514160
0.862305
0.627930
0.589355
0.474609
0.765137
0.494629
0.523438
0.422852

Layer: model.17.cv1.bn
0.201294
0.507812
0.279053
0.666504
0.658203
0.230835
0.579102
0.260742
0.399170
0.540039
0.396484
0.287842
0.667969
0.578125
0.370361
0.572754
0.446777
0.267822
0.328613
0.436768
0.218872
0.560059
0.271484
0.671387
0.443359
0.368164
0.657715
0.254883
0.552734
0.386719
0.539062
0.250977

Layer: model.17.cv2.bn
0.445557
0.438232
0.552246
0.781738
0.474854
0.389893
2.595703
0.494873
0.492676
0.757324
0.298584
0.636230
0.558594
0.530273
0.683105
0.607910
0.404541
0.480957
0.430420
0.440186
0.388428
0.628418
0.574219
0.391113
0.284912
0.813477
0.376221
0.591309
0.552246
0.543457
0.651855
0.482910

Layer: model.17.cv3.bn
3.136719
1.944336
2.884766
1.791992
1.251953
1.067383
0.952637
1.790039
2.710938
2.408203
2.144531
2.564453
2.328125
2.623047
2.214844
2.859375
2.560547
2.361328
1.087891
2.333984
2.675781
2.291016
2.755859
1.299805
2.656250
2.507812
1.173828
0.948242
3.369141
2.189453
2.638672
1.513672
2.927734
2.542969
1.255859
1.327148
2.625000
0.893066
1.761719
1.567383
2.884766
3.277344
1.607422
2.220703
3.060547
0.777344
2.917969
1.809570
3.357422
2.625000
1.083984
1.099609
1.709961
1.765625
2.320312
2.248047
1.168945
2.550781
1.699219
3.125000
2.187500
1.870117
2.824219
1.505859

Layer: model.17.m.0.cv1.bn
0.322266
0.508789
0.281250
0.520020
0.610840
0.595703
0.438965
0.643555
0.465820
0.602539
0.544434
0.615234
0.609863
0.468506
0.482178
0.473633
0.471680
0.235474
0.379883
0.448730
0.338867
0.599609
0.514160
0.717285
0.352539
0.663574
0.327637
0.572754
0.515625
0.330566
0.381104
0.407715

Layer: model.17.m.0.cv2.bn
0.683594
0.739746
0.715332
0.984375
0.432861
0.816895
0.964844
1.031250
1.573242
0.564453
0.402588
0.838867
0.823242
1.041992
0.464600
0.625000
0.696289
1.018555
0.370605
0.730469
0.972656
0.424805
0.634277
0.398682
0.934082
0.594727
0.528320
0.985352
0.606934
0.569824
0.686523
0.712891

Layer: model.18.bn
0.805176
0.800293
0.964355
0.715332
0.696777
0.583008
0.642090
0.829102
0.792969
0.633301
0.749512
0.718262
0.656250
0.547852
0.829590
0.508789
0.329590
0.399658
0.382080
0.610352
0.446777
0.623535
0.548828
0.697266
0.858398
0.679688
0.702148
0.494629
0.568359
0.712891
0.732422
0.583984
0.482910
0.425293
0.760254
0.803711
0.717773
0.742188
0.493896
0.754395
0.651855
0.436523
0.744141
0.909668
0.631836
0.713867
1.116211
0.520020
0.719727
0.829590
1.116211
1.000000
0.566406
1.054688
0.418457
0.461182
0.624512
0.648926
1.010742
0.516602
0.576660
0.918457
0.511230
0.777832

Layer: model.20.cv1.bn
0.637207
0.747559
0.737793
0.957031
0.508789
0.682617
0.584473
0.508301
0.476318
0.840820
0.591797
0.650879
0.722168
0.822754
0.380859
0.661133
0.461182
0.677246
0.497070
0.520996
0.821777
0.765137
0.592285
0.746582
0.649902
0.502441
0.524902
0.592773
0.514160
0.788086
0.637207
0.625977
0.610840
0.470215
0.639160
0.794434
0.733398
0.731445
0.523438
0.414307
0.684082
0.642090
0.553223
0.730957
0.745117
0.665527
0.791016
0.598633
0.514160
0.629883
0.472656
0.719238
0.584473
0.482178
0.343750
0.658203
0.637695
0.675781
0.704590
0.570801
0.748535
0.642578
0.547852
0.668457

Layer: model.20.cv2.bn
0.715332
0.682617
0.642090
0.521484
0.614746
0.539062
0.482666
0.625000
0.523926
0.445068
0.640137
0.507324
0.394775
0.521973
0.667480
0.558105
0.748047
0.458740
0.642090
0.572266
0.663086
0.489746
0.615723
0.981445
0.597656
0.709473
0.929688
0.597168
0.467773
0.673828
0.747070
0.601562
0.431152
0.451904
0.849609
0.695801
0.595703
0.393311
0.587891
0.734375
0.845703
0.503906
0.747070
0.679199
0.571777
2.033203
0.785156
0.666016
0.594238
0.835938
0.577637
0.485352
0.502441
0.391113
0.467285
0.786621
0.585938
0.547852
0.750000
0.640625
0.731934
0.579102
0.525391
0.528809

Layer: model.20.cv3.bn
2.712891
2.220703
0.968750
1.874023
2.431641
2.480469
0.953613
1.288086
1.459961
1.540039
1.289062
0.994141
1.577148
2.019531
1.099609
2.923828
2.400391
1.162109
1.987305
0.819824
2.867188
1.760742
1.368164
1.552734
1.450195
2.056641
2.236328
1.342773
1.640625
2.382812
2.449219
2.429688
0.826660
1.528320
2.355469
1.669922
2.425781
1.636719
2.501953
0.787109
2.191406
2.593750
1.436523
1.898438
1.725586
2.585938
1.558594
2.134766
1.328125
1.500000
2.433594
2.035156
1.570312
1.610352
2.146484
2.220703
1.040039
2.246094
1.693359
2.460938
1.443359
1.819336
1.967773
1.526367
1.937500
1.453125
1.745117
1.657227
2.406250
2.781250
1.451172
2.007812
2.207031
2.244141
1.121094
2.037109
1.657227
1.341797
0.972656
1.497070
2.578125
2.365234
1.491211
1.333984
1.934570
2.765625
2.572266
1.499023
1.279297
2.095703
1.849609
1.670898
2.224609
2.710938
1.327148
2.181641
2.564453
1.309570
2.220703
2.281250
0.592285
1.877930
1.418945
1.356445
1.132812
2.607422
0.773438
2.691406
1.661133
1.326172
2.123047
2.039062
1.432617
1.855469
2.044922
1.957031
2.554688
2.291016
1.315430
2.181641
0.866211
1.921875
1.056641
1.261719
1.495117
1.161133
0.987305
2.111328

Layer: model.20.m.0.cv1.bn
0.574219
0.602539
0.478271
0.523438
0.701172
0.500488
0.553223
0.492432
0.397705
0.406494
0.596680
0.734863
0.453857
0.627441
0.388916
0.325195
0.671875
0.522461
0.489990
0.456299
0.443115
0.267334
0.476562
0.380371
0.573242
0.433105
0.380127
0.512695
0.421875
0.503906
0.639648
0.634277
0.415527
0.639648
0.609863
0.510742
0.554199
0.630371
0.380859
0.265381
0.600098
0.490234
0.518066
0.594727
0.388916
0.579102
0.496094
0.459229
0.343262
0.708496
0.345703
0.534668
0.395020
0.432617
0.604980
0.795410
0.547363
0.724609
0.430420
0.688965
0.437500
0.523926
0.554199
0.410156

Layer: model.20.m.0.cv2.bn
0.701172
0.797363
0.710449
0.775879
1.071289
0.403076
0.323730
0.465576
0.687012
0.490234
1.097656
0.605469
0.975098
0.750977
0.688477
0.810059
0.859863
1.069336
0.755859
1.443359
1.123047
0.831543
0.945312
0.866699
0.389160
0.743652
0.892578
0.730469
0.363281
0.740723
0.754395
1.779297
0.784668
0.584961
0.622070
0.821289
1.311523
0.923340
0.884277
0.956055
1.303711
0.682617
0.561523
0.932617
0.635742
0.623535
0.568848
0.322754
0.710938
0.933594
0.688477
0.914062
1.009766
0.939453
0.969238
0.678223
0.817871
1.115234
0.909668
0.671387
1.253906
0.638672
0.914062
0.363037

Layer: model.21.bn
0.847656
0.824707
0.957031
0.479492
1.188477
0.715820
0.914062
0.748535
1.032227
0.720215
0.906250
0.875977
0.765137
0.886719
1.302734
0.988770
0.802734
0.911133
0.916992
0.607910
0.695801
0.766113
0.633789
0.927246
0.829590
0.645020
0.706543
0.840332
0.958008
0.770996
0.849609
0.726074
1.034180
0.617188
0.583984
0.895508
0.928223
0.966797
1.027344
0.841797
0.781738
0.883789
0.956055
0.823242
0.924805
0.884277
0.763672
0.499512
0.704590
0.571777
0.763672
0.980957
0.731934
0.807617
0.451660
0.709961
1.047852
0.634766
0.570801
1.121094
0.799805
1.225586
0.479004
0.638184
0.873047
0.551270
0.820312
0.839355
1.065430
0.675293
0.848633
1.345703
1.168945
0.979004
0.982422
0.548340
0.831543
0.806152
0.967773
0.881836
0.540527
0.951172
0.845703
0.565918
1.036133
0.944336
0.872559
0.784668
1.158203
0.748047
0.561035
1.037109
0.726074
1.062500
0.600586
0.760254
0.581543
0.721191
0.514160
0.981445
0.811523
0.898926
0.952637
1.425781
0.714844
0.980469
0.721191
0.552734
1.025391
1.091797
0.753418
0.733887
0.906738
0.894531
0.840332
1.188477
0.782715
1.107422
0.667480
1.102539
1.021484
0.926270
0.626465
0.563477
0.655273
0.621582
0.561035
1.052734

Layer: model.23.cv1.bn
0.955078
0.915527
1.047852
0.777832
0.819824
0.962891
0.929688
0.869141
0.771484
0.840332
0.857422
1.250000
1.229492
0.936523
0.912109
0.738281
0.933594
1.030273
0.854004
0.674316
1.042969
0.673828
0.766602
0.889160
0.772461
0.940430
0.870117
0.983887
0.996094
0.677246
0.817383
0.613770
1.031250
0.872070
0.925293
1.018555
1.058594
0.716309
0.751953
0.919922
0.966797
0.670898
0.680176
0.933105
0.772461
0.726074
0.846191
1.167969
1.068359
0.734375
0.968262
0.775879
0.812500
0.811523
1.080078
0.770508
0.897949
0.997559
0.922852
0.807617
0.975098
0.692871
0.789062
0.697754
0.600586
0.876465
1.089844
0.941406
0.670898
0.786621
0.824707
1.023438
0.845703
1.000000
0.955566
0.770020
1.128906
0.821289
0.912598
0.753906
1.226562
1.126953
1.115234
1.463867
0.772461
0.897461
1.315430
0.903809
0.704590
0.862305
0.968262
0.848145
0.673340
1.421875
0.997070
0.895996
1.006836
0.947754
0.916504
0.521973
0.632324
1.016602
0.845215
0.604980
0.807129
0.827148
0.814453
0.953613
0.732422
0.893555
0.963867
0.848145
1.015625
1.200195
1.003906
0.788086
0.979492
0.870605
1.146484
0.878906
1.003906
0.835449
1.308594
0.864258
0.877930
0.817383
0.711426
0.556152

Layer: model.23.cv2.bn
0.829102
0.625977
0.656738
0.882812
1.928711
1.262695
0.717285
0.940430
0.856934
0.861816
0.887207
0.859863
0.863770
0.839355
0.857910
0.861328
0.900879
0.792969
0.939941
0.695312
0.791992
1.279297
0.824707
0.755371
0.630859
0.812988
0.828613
0.791992
1.383789
0.790039
0.974609
0.783691
1.112305
0.774902
0.848145
0.787598
0.808594
0.793457
0.853516
0.881836
0.754395
0.980469
0.762695
0.922852
0.955078
0.958496
0.641113
1.031250
0.904297
0.984863
0.835449
0.751953
0.895508
1.074219
0.942871
0.951172
0.847168
0.856445
0.845215
0.519043
0.770020
0.773438
0.930664
1.050781
0.855957
0.782715
0.786621
0.833008
0.645020
1.331055
1.119141
0.823242
0.732910
0.723145
1.099609
0.875488
0.978516
0.835938
0.943848
0.962891
1.039062
0.772949
1.182617
0.873047
0.812012
0.701660
0.773926
0.876953
0.930176
0.754883
0.722656
0.591309
0.967285
0.789062
0.840820
1.034180
0.625977
0.786133
1.000000
0.931641
0.845215
0.673340
0.840332
0.762207
0.803223
0.822754
0.874512
0.851074
0.883789
1.172852
0.803223
1.002930
0.922363
1.160156
0.769043
0.838867
0.841309
0.787598
0.970215
0.726074
0.851074
0.833496
0.857422
0.939453
0.722656
0.928711
0.523438
0.774902

Layer: model.23.cv3.bn
1.471680
0.687012
1.198242
1.211914
1.347656
1.535156
0.740234
1.220703
1.607422
0.807129
1.246094
1.237305
0.966797
1.291992
1.503906
0.876465
1.472656
1.408203
2.005859
1.501953
2.337891
1.547852
1.583008
1.173828
2.273438
1.182617
1.652344
1.561523
1.109375
1.819336
1.676758
1.448242
1.937500
2.166016
2.152344
1.522461
1.037109
1.916016
1.200195
1.825195
1.813477
2.001953
0.753418
1.309570
2.238281
1.546875
0.737793
1.669922
2.607422
2.392578
1.866211
1.519531
1.381836
0.999512
1.197266
1.787109
1.411133
0.518555
1.654297
2.058594
1.286133
1.496094
2.105469
1.490234
1.263672
2.302734
1.372070
0.930664
1.636719
1.670898
1.451172
2.115234
1.344727
1.346680
1.641602
1.662109
2.623047
0.904785
1.904297
0.792969
0.832520
1.572266
2.302734
1.418945
2.218750
2.148438
1.060547
1.626953
1.943359
1.886719
2.019531
1.860352
1.031250
1.727539
0.840332
0.657227
1.775391
1.144531
1.594727
1.546875
1.896484
1.588867
0.379639
1.174805
1.712891
1.778320
1.972656
1.801758
1.529297
2.496094
1.525391
1.216797
0.409912
1.280273
1.079102
1.186523
1.962891
1.981445
0.696777
1.338867
1.759766
1.741211
1.677734
2.056641
1.698242
1.449219
1.568359
1.412109
0.893066
2.005859
1.923828
0.531738
0.569824
2.267578
1.359375
1.409180
1.398438
1.608398
1.190430
2.339844
1.928711
2.253906
1.868164
1.674805
1.404297
1.312500
1.579102
0.700684
1.041016
1.843750
0.943848
1.030273
2.394531
1.917969
1.694336
1.504883
1.726562
2.302734
1.440430
1.387695
0.644531
2.169922
0.958496
1.740234
0.765625
1.994141
2.294922
2.417969
2.238281
0.730957
1.233398
1.844727
1.456055
2.287109
0.963867
1.708008
2.132812
1.164062
1.261719
1.450195
1.708984
1.331055
1.184570
1.877930
2.013672
2.380859
1.798828
0.677734
0.961914
1.445312
1.511719
1.174805
0.798340
1.003906
2.310547
1.968750
1.907227
1.779297
1.183594
0.648926
2.056641
1.524414
0.767090
1.937500
1.247070
1.298828
1.046875
0.451660
1.714844
2.501953
1.125000
1.719727
1.747070
1.140625
0.836914
1.917969
1.262695
2.115234
1.425781
1.294922
0.658691
1.546875
1.634766
1.050781
0.484375
2.601562
1.666016
0.958496
1.550781
1.097656
1.220703
1.870117
1.881836
1.299805
2.212891
2.251953
1.684570
0.735840
2.275391
0.632812
2.222656
0.977539
1.675781
1.186523
1.499023
2.257812
2.181641
1.202148
1.702148
1.694336
1.240234
1.253906
1.680664
1.559570
1.505859
1.311523

Layer: model.23.m.0.cv1.bn
0.745117
0.670410
0.774414
0.630371
0.818359
0.830566
0.439209
0.979492
1.040039
0.769043
0.799805
0.847656
0.834473
1.057617
0.457275
0.769531
1.155273
0.445068
0.707031
0.842285
0.740234
0.916016
1.342773
0.565430
0.839355
1.007812
0.749512
0.869141
0.558594
1.049805
0.569824
0.729004
0.736816
0.602051
1.043945
0.605469
0.808105
0.825684
1.093750
0.671387
0.899902
0.704590
0.649414
1.112305
0.775391
1.048828
0.716797
0.514160
0.748535
0.933594
0.775879
1.296875
0.634277
0.822266
0.819824
0.699707
0.978516
0.894531
0.770020
1.316406
0.861816
0.805176
0.783691
0.711426
0.626953
0.749023
0.913574
0.923340
1.041992
0.851074
0.395508
0.914551
0.679688
0.623535
0.983887
0.801758
0.850098
0.834961
0.584473
0.757324
0.958984
0.851562
0.631836
0.821289
0.759277
0.726562
0.750977
0.708008
0.952148
0.820801
0.730469
0.708496
1.109375
0.729980
0.878906
0.946289
0.784180
0.741211
0.901367
0.924316
0.775391
0.518555
0.558594
0.737793
0.853027
1.138672
0.727051
0.372070
1.260742
0.764648
1.029297
0.448486
1.073242
0.784668
0.756836
0.837891
0.724609
0.952637
0.702637
1.079102
0.818848
0.953125
0.780762
0.759766
1.017578
0.850098
0.852539
0.489014

Layer: model.23.m.0.cv2.bn
0.879883
0.934570
1.022461
0.809082
1.232422
1.357422
0.745117
0.883301
1.276367
0.504883
0.795410
2.146484
2.753906
1.333984
1.275391
0.733398
0.867188
1.687500
0.980957
1.203125
0.970703
0.929688
0.948242
0.815918
1.073242
1.034180
1.534180
0.775391
0.955566
0.711426
0.736328
1.602539
1.337891
1.364258
0.887695
0.617676
0.840820
0.765625
1.256836
0.993164
0.954590
0.553223
1.220703
0.916504
0.848145
0.524414
0.669434
1.309570
1.246094
1.135742
1.359375
0.708008
0.785645
0.907715
1.083984
1.084961
1.051758
1.143555
1.197266
1.111328
1.089844
1.753906
1.063477
0.995605
0.707031
0.874512
0.917969
0.633789
1.179688
1.334961
0.753418
0.671387
1.015625
1.281250
1.623047
0.687988
0.935547
1.618164
0.760254
0.617188
1.031250
1.089844
1.850586
0.840820
1.024414
0.686035
1.023438
1.046875
0.776855
0.995117
0.606934
1.430664
1.204102
1.705078
0.914551
1.032227
0.793945
0.859863
0.969727
1.629883
1.208008
0.920898
0.832031
1.062500
1.393555
1.377930
1.080078
1.107422
1.099609
1.052734
1.233398
1.062500
0.950684
0.813477
0.852539
0.791992
1.061523
0.583008
1.143555
1.281250
1.021484
0.962891
0.797363
0.786133
1.061523
0.921875
0.902832
1.569336

