2 0.246875 0.1375 0.2375 0.196875
2 0.3875 0.0265625 0.040625 0.053125
2 0.640625 0.1171875 0.05625 0.234375
2 0.79375 0.0921875 0.2046875 0.16875
2 0.8046875 0.10625 0.084375 0.1640625
2 0.4109375 0.0671875 0.071875 0.134375
2 0.475 0.0703125 0.08125 0.140625
2 0.565625 0.075 0.075 0.15
2 0.60625 0.01875 0.1109375 0.0359375
2 0.10625 0.540625 0.125 0.2015625
2 0.165625 0.903125 0.08125 0.1875
2 0.109375 0.9140625 0.0703125 0.1375
2 0.7375 0.509375 0.1828125 0.196875
2 0.715625 0.68125 0.1953125 0.115625
2 0.815625 0.91875 0.1015625 0.15625