2 0.1546875 0.284375 0.175 0.2640625
2 0.4453125 0.33125 0.075 0.16875
2 0.4 0.2578125 0.1828125 0.23125
2 0.3703125 0.3046875 0.034375 0.221875
2 0.028125 0.315625 0.05625 0.2
2 0.24375 0.328125 0.0796875 0.175
2 0.575 0.053125 0.1296875 0.10625
2 0.6015625 0.3140625 0.1171875 0.2046875
2 0.465625 0.7140625 0.084375 0.5578125
2 0.103125 0.55 0.20625 0.2640625
2 0.6578125 0.54375 0.1515625 0.253125
2 0.965625 0.5390625 0.065625 0.2234375
2 0.8515625 0.80625 0.090625 0.290625
2 0.9203125 0.7828125 0.153125 0.2671875