2 0.3140625 0.253125 0.2234375 0.4828125
2 0.7265625 0.33125 0.2015625 0.3890625
2 0.85625 0.3234375 0.284375 0.40625
2 0.9296875 0.240625 0.134375 0.4421875
2 0.790625 0.1125 0.1390625 0.2234375
2 0.1015625 0.7625 0.203125 0.2875
2 0.9890625 0.8265625 0.0171875 0.340625
2 0.7859375 0.5890625 0.10625 0.1203125
2 0.8828125 0.9234375 0.0578125 0.1484375
2 0.74375 0.8515625 0.0796875 0.290625
2 0.790625 0.81875 0.0578125 0.3578125
2 0.85625 0.665625 0.05 0.2734375
2 0.5921875 0.85625 0.059375 0.28125
2 0.6515625 0.6890625 0.05 0.278125
2 0.5359375 0.940625 0.0671875 0.115625
2 0.659375 0.909375 0.0671875 0.175