2 0.140625 0.2625 0.1703125 0.2046875
2 0.23125 0.315625 0.075 0.1015625
2 0.2984375 0.1828125 0.0765625 0.365625
2 0.9390625 0.10625 0.040625 0.2125
2 0.9046875 0.1328125 0.05 0.2640625
2 0.78125 0.1734375 0.0546875 0.2578125
2 0.64375 0.1734375 0.0796875 0.346875
2 0.6890625 0.1015625 0.059375 0.203125
2 0.4921875 0.1828125 0.059375 0.365625
2 0.434375 0.221875 0.0671875 0.2890625
2 0.5578125 0.1859375 0.065625 0.3390625
2 0.04375 0.54375 0.071875 0.271875
2 0.89375 0.703125 0.1796875 0.4859375
2 0.7140625 0.49375 0.153125 0.253125
2 0.4109375 0.8625 0.10625 0.26875
2 0.684375 0.74375 0.1203125 0.5046875