2 0.3015625 0.3828125 0.21875 0.16875
2 0.453125 0.2375 0.209375 0.125
2 0.5328125 0.40625 0.0796875 0.1203125
2 0.9515625 0.378125 0.08125 0.175
2 0.809375 0.3046875 0.121875 0.321875
2 0.765625 0.3359375 0.084375 0.259375
2 0.6375 0.253125 0.059375 0.428125
2 0.7359375 0.040625 0.090625 0.08125
2 0.15 0.6078125 0.09375 0.278125
2 0.0609375 0.8359375 0.1015625 0.1703125
2 0.271875 0.9515625 0.08125 0.090625
2 0.41875 0.9390625 0.0765625 0.1171875
2 0.3640625 0.965625 0.0796875 0.065625
2 0.325 0.7234375 0.14375 0.41875
2 0.590625 0.6953125 0.028125 0.3125
2 0.2265625 0.7234375 0.10625 0.315625
2 0.478125 0.6703125 0.0859375 0.403125
2 0.265625 0.525 0.059375 0.1125
2 0.4078125 0.51875 0.0703125 0.0984375
2 0.6515625 0.5828125 0.0859375 0.228125