2 0.3671875 0.4125 0.0765625 0.0890625
2 0.2484375 0.4015625 0.05 0.1109375
2 0.1234375 0.046875 0.065625 0.09375
2 0.55 0.159375 0.0703125 0.3171875
2 0.778125 0.1296875 0.1109375 0.184375
2 0.7203125 0.3734375 0.053125 0.084375
2 0.465625 0.05625 0.0359375 0.1125
2 0.075 0.6328125 0.1203125 0.346875
2 0.975 0.784375 0.0453125 0.2859375
2 0.98125 0.940625 0.03125 0.115625
2 0.95 0.884375 0.05 0.2265625
2 0.73125 0.6171875 0.1015625 0.290625
2 0.6890625 0.909375 0.0796875 0.175
2 0.7359375 0.8765625 0.0578125 0.2421875
2 0.8015625 0.76875 0.0484375 0.2953125
2 0.5375 0.9140625 0.059375 0.165625
2 0.596875 0.8046875 0.05 0.278125