2 0.0703125 0.23125 0.08125 0.2109375
2 0.215625 0.2171875 0.075 0.2375
2 0.1609375 0.24375 0.0765625 0.184375
2 0.1234375 0.075 0.146875 0.15
2 0.4609375 0.10625 0.121875 0.2125
2 0.51875 0.16875 0.05 0.3375
2 0.4171875 0.034375 0.084375 0.06875
2 0.0375 0.05 0.075 0.1
2 0.6828125 0.059375 0.178125 0.11875
2 0.9015625 0.2203125 0.1484375 0.2328125
2 0.1984375 0.490625 0.0546875 0.2625
2 0.3515625 0.4609375 0.2046875 0.16875
2 0.3625 0.475 0.084375 0.1640625
2 0.0375 0.4359375 0.075 0.146875
2 0.125 0.4296875 0.0765625 0.1796875
2 0.1640625 0.371875 0.1109375 0.065625
2 0.9765625 0.86875 0.040625 0.2578125
2 0.8453125 0.8734375 0.059375 0.246875
2 0.903125 0.721875 0.05 0.278125
2 0.590625 0.7578125 0.084375 0.2984375
2 0.653125 0.890625 0.0390625 0.2140625
2 0.7890625 0.95625 0.0671875 0.08125
2 0.9109375 0.9265625 0.0671875 0.1421875