2 0.4359375 0.2734375 0.0703125 0.284375
2 0.434375 0.44375 0.0390625 0.146875
2 0.4 0.3875 0.05 0.2578125
2 0.1796875 0.1265625 0.10625 0.253125
2 0.2765625 0.484375 0.0578125 0.065625
2 0.1375 0.4140625 0.0796875 0.20625
2 0.184375 0.3796875 0.0578125 0.2734375
2 0.2515625 0.25625 0.0484375 0.2953125
2 0.0453125 0.2921875 0.05 0.278125
2 0.053125 0.471875 0.0671875 0.090625
2 0.5265625 0.334375 0.053125 0.3265625
2 0.9484375 0.2234375 0.103125 0.334375
2 0.796875 0.265625 0.103125 0.29375
2 0.615625 0.14375 0.1296875 0.2859375
2 0.721875 0.29375 0.103125 0.334375
2 0.428125 0.6125 0.1390625 0.184375
2 0.66875 0.8109375 0.125 0.1921875