2 0.365625 0.228125 0.0625 0.45625
2 0.690625 0.10625 0.1515625 0.2109375
2 0.903125 0.2484375 0.1640625 0.4140625
2 0.5328125 0.15 0.2109375 0.246875
2 0.2921875 0.8390625 0.121875 0.3171875
2 0.2484375 0.8703125 0.084375 0.2546875
2 0.1078125 0.7859375 0.0859375 0.4234375
2 0.21875 0.5390625 0.090625 0.159375
2 0.0375 0.64375 0.0671875 0.253125
2 0.70625 0.8296875 0.2015625 0.3359375
2 0.846875 0.8203125 0.303125 0.353125
2 0.9203125 0.7640625 0.153125 0.4421875
2 0.771875 0.603125 0.1390625 0.2890625
2 0.9828125 0.7578125 0.028125 0.48125