2 0.2765625 0.128125 0.0359375 0.25
2 0.2421875 0.153125 0.05 0.3046875
2 0.1171875 0.2140625 0.0546875 0.2578125
2 0.009375 0.19375 0.01875 0.3875
2 0.0265625 0.121875 0.053125 0.24375
2 0.865625 0.409375 0.25 0.178125
2 0.2140625 0.58125 0.25 0.1609375
2 0.4953125 0.940625 0.16875 0.1125
2 0.5984375 0.8109375 0.1484375 0.371875
2 0.74375 0.8328125 0.1328125 0.3296875
2 0.8125 0.91875 0.1015625 0.15625
2 0.746875 0.6328125 0.0578125 0.2640625
2 0.9453125 0.825 0.103125 0.346875
2 0.98125 0.7484375 0.034375 0.496875