2 0.503125 0.075 0.253125 0.1421875
2 0.2578125 0.359375 0.25 0.09375
2 0.3734375 0.25 0.1390625 0.303125
2 0.1640625 0.23125 0.178125 0.2140625
2 0.1046875 0.190625 0.1203125 0.121875
2 0.4296875 0.2828125 0.075 0.246875
2 0.95 0.1 0.09375 0.2
2 0.0625 0.809375 0.125 0.378125
2 0.128125 0.8953125 0.1015625 0.2046875
2 0.0625 0.565625 0.0578125 0.303125
2 0.45625 0.6625 0.1125 0.3921875
2 0.3359375 0.796875 0.253125 0.3875
2 0.33125 0.721875 0.103125 0.553125
2 0.8765625 0.70625 0.2140625 0.584375
2 0.9359375 0.8046875 0.121875 0.3875