2 0.184375 0.2375 0.2421875 0.459375
2 0.559375 0.346875 0.075 0.2375
2 0.48125 0.1015625 0.06875 0.203125
2 0.684375 0.434375 0.0859375 0.0625
2 0.71875 0.246875 0.04375 0.1640625
2 0.76875 0.1265625 0.0625 0.1421875
2 0.6703125 0.13125 0.0390625 0.1203125
2 0.696875 0.1015625 0.04375 0.1703125
2 0.08125 0.73125 0.103125 0.471875
2 0.246875 0.7453125 0.1015625 0.3796875
2 0.3796875 0.68125 0.0546875 0.21875
2 0.3203125 0.665625 0.0578125 0.2
2 0.0734375 0.5078125 0.146875 0.0765625
2 0.234375 0.7109375 0.053125 0.2140625