2 0.2890625 0.3953125 0.0984375 0.278125
2 0.3828125 0.378125 0.1078125 0.221875
2 0.609375 0.840625 0.075 0.2625
2 0.0796875 0.9265625 0.08125 0.1421875
2 0.2265625 0.9140625 0.0765625 0.16875
2 0.171875 0.940625 0.0796875 0.115625
2 0.1328125 0.7953125 0.146875 0.1734375
2 0.4703125 0.8265625 0.121875 0.2359375
2 0.546875 0.8546875 0.084375 0.2859375
2 0.4265625 0.7546875 0.084375 0.090625
2 0.04375 0.7703125 0.0859375 0.121875
2 0.2859375 0.765625 0.0859375 0.1125
2 0.6890625 0.8453125 0.0796875 0.271875
2 0.9109375 0.9375 0.14375 0.1203125