2 0.178125 0.1171875 0.0703125 0.21875
2 0.1015625 0.259375 0.0984375 0.153125
2 0.0359375 0.0984375 0.071875 0.1109375
2 0.5921875 0.090625 0.103125 0.1796875
2 0.8515625 0.1640625 0.1015625 0.240625
2 0.58125 0.03125 0.0546875 0.0625
2 0.0171875 0.48125 0.034375 0.1828125
2 0.0953125 0.571875 0.134375 0.3875
2 0.2625 0.4734375 0.0859375 0.26875
2 0.484375 0.6484375 0.084375 0.2015625
2 0.790625 0.7984375 0.1828125 0.3984375
2 0.6109375 0.55 0.153125 0.4203125
2 0.5859375 0.8140625 0.1125 0.3671875