2 0.4609375 0.103125 0.16875 0.20625
2 0.6203125 0.2625 0.14375 0.20625
2 0.734375 0.096875 0.209375 0.125
2 0.8140625 0.359375 0.075 0.303125
2 0.9765625 0.5 0.040625 0.29375
2 0.9609375 0.3265625 0.071875 0.1484375
2 0.9375 0.2734375 0.1203125 0.165625
2 0.8078125 0.421875 0.134375 0.240625
2 0.2265625 0.91875 0.1515625 0.159375
2 0.6546875 0.9234375 0.075 0.1484375
2 0.58125 0.7375 0.065625 0.175
2 0.815625 0.8671875 0.04375 0.1640625
2 0.8640625 0.746875 0.0625 0.1421875
2 0.7671875 0.7515625 0.0390625 0.1203125
2 0.79375 0.728125 0.0453125 0.159375