2 0.465625 0.1140625 0.10625 0.228125
2 0.5625 0.4625 0.0578125 0.0703125
2 0.425 0.3921875 0.0796875 0.2109375
2 0.471875 0.3578125 0.0578125 0.278125
2 0.5375 0.23125 0.0484375 0.2953125
2 0.2734375 0.396875 0.059375 0.2015625
2 0.33125 0.26875 0.05 0.278125
2 0.0296875 0.303125 0.059375 0.2984375
2 0.08125 0.4140625 0.0390625 0.16875
2 0.3390625 0.45 0.0671875 0.096875
2 0.8046875 0.2859375 0.2015625 0.4234375
2 0.8953125 0.278125 0.2046875 0.440625
2 0.9703125 0.2 0.0546875 0.3984375
2 0.8703125 0.08125 0.1390625 0.1609375
2 0.590625 0.834375 0.1109375 0.3265625
2 0.45 0.83125 0.121875 0.33125
2 0.3671875 0.9046875 0.103125 0.184375
2 0.215625 0.9359375 0.103125 0.121875
2 0.05 0.8609375 0.0984375 0.2734375
2 0.1390625 0.940625 0.10625 0.1125
2 0.7046875 0.9296875 0.1109375 0.134375