2 0.078125 0.278125 0.1421875 0.353125
2 0.1484375 0.315625 0.08125 0.353125
2 0.378125 0.4921875 0.103125 0.471875
2 0.5421875 0.5046875 0.1015625 0.3796875
2 0.675 0.440625 0.0546875 0.21875
2 0.8015625 0.68125 0.1015625 0.240625
2 0.85 0.3984375 0.0703125 0.165625
2 0.9046875 0.3203125 0.040625 0.1703125
2 0.615625 0.425 0.059375 0.196875
2 0.0515625 0.8203125 0.096875 0.121875
2 0.1640625 0.8125 0.0453125 0.2359375
2 0.2640625 0.778125 0.115625 0.2
2 0.3671875 0.159375 0.146875 0.2890625
2 0.5296875 0.471875 0.053125 0.2140625