2 0.178125 0.2265625 0.0703125 0.21875
2 0.1015625 0.34375 0.0984375 0.10625
2 0.0359375 0.20625 0.071875 0.1109375
2 0.9828125 0.10625 0.028125 0.2109375
2 0.9296875 0.0375 0.034375 0.075
2 0.5703125 0.0375 0.096875 0.075
2 0.5859375 0.1640625 0.084375 0.271875
2 0.76875 0.215625 0.075 0.1421875
2 0.8046875 0.059375 0.0796875 0.1171875
2 0.2390625 0.60625 0.165625 0.409375
2 0.33125 0.74375 0.075 0.4765625
2 0.328125 0.8453125 0.246875 0.3046875
2 0.4328125 0.540625 0.1484375 0.284375
2 0.03125 0.70625 0.0625 0.1953125
2 0.746875 0.6421875 0.1015625 0.4859375
2 0.58125 0.5109375 0.14375 0.2234375