2 0.121875 0.2109375 0.125 0.415625
2 0.1609375 0.4734375 0.2015625 0.1875
2 0.8 0.4515625 0.39375 0.23125
2 0.5359375 0.278125 0.115625 0.5546875
2 0.009375 0.6890625 0.01875 0.165625
2 0.2515625 0.840625 0.0546875 0.2625
2 0.3890625 0.8109375 0.1734375 0.1703125
2 0.4140625 0.825 0.084375 0.1640625
2 0.028125 0.7546875 0.05625 0.196875
2 0.0859375 0.7875 0.0796875 0.146875
2 0.1765625 0.7484375 0.075 0.240625
2 0.215625 0.6875 0.1078125 0.1328125
2 0.7953125 0.58125 0.053125 0.021875
2 0.9734375 0.678125 0.0234375 0.065625