2 0.4875 0.1953125 0.09375 0.390625
2 0.6625 0.303125 0.146875 0.2890625
2 0.9671875 0.284375 0.059375 0.3265625
2 0.95625 0.315625 0.084375 0.2640625
2 0.5625 0.328125 0.10625 0.2375
2 0.815625 0.23125 0.0859375 0.4328125
2 0.9234375 0.028125 0.090625 0.05625
2 0.6015625 0.125 0.0578125 0.2015625
2 0.74375 0.10625 0.0703125 0.2109375
2 0.1890625 0.6375 0.08125 0.23125
2 0.284375 0.846875 0.0546875 0.2234375
2 0.89375 0.5359375 0.0703125 0.1734375
2 0.8921875 0.703125 0.0359375 0.253125
2 0.85625 0.6734375 0.0484375 0.409375
2 0.7328125 0.7890625 0.0546875 0.2578125
2 0.5953125 0.7390625 0.0765625 0.4421875
2 0.6421875 0.634375 0.0546875 0.365625
2 0.7078125 0.53125 0.05 0.1640625
2 0.44375 0.7625 0.0578125 0.471875
2 0.503125 0.54375 0.053125 0.190625
2 0.509375 0.8015625 0.065625 0.3390625