4 0.090625 0.109375 0.1796875 0.21875
4 0.3328125 0.04375 0.171875 0.0875
4 0.3046875 0.3984375 0.2421875 0.1375
4 0.3375 0.309375 0.2015625 0.1875
4 0.090625 0.396875 0.1796875 0.1390625
4 0.0703125 0.28125 0.1390625 0.284375
4 0.7015625 0.3046875 0.08125 0.321875
4 0.8203125 0.1859375 0.1078125 0.1875
4 0.028125 0.7328125 0.0546875 0.528125
4 0.096875 0.74375 0.125 0.5078125
4 0.6578125 0.54375 0.3578125 0.1484375
4 0.93125 0.6296875 0.1328125 0.321875
4 0.9171875 0.896875 0.1609375 0.2015625
4 0.7890625 0.9296875 0.178125 0.134375
4 0.590625 0.9296875 0.2234375 0.134375