4 0.0609375 0.146875 0.121875 0.090625
4 0.0140625 0.05 0.028125 0.1
4 0.4421875 0.528125 0.0484375 0.2578125
4 0.3359375 0.5453125 0.0984375 0.2625
4 0.315625 0.4125 0.0703125 0.1796875
4 0.290625 0.528125 0.1203125 0.1953125
4 0.5 0.446875 0.0625 0.4234375
4 0.5671875 0.475 0.1171875 0.4515625
4 0.7140625 0.2546875 0.1640625 0.409375
4 0.828125 0.371875 0.0765625 0.4875
4 0.9140625 0.3203125 0.10625 0.3703125
4 0.31875 0.853125 0.2953125 0.2890625
4 0.89375 0.8953125 0.209375 0.2046875
4 0.925 0.79375 0.146875 0.15625
4 0.7 0.890625 0.16875 0.2140625
4 0.596875 0.871875 0.2578125 0.25