4 0.2375 0.1390625 0.2140625 0.278125
4 0.44375 0.1171875 0.23125 0.234375
4 0.2578125 0.1328125 0.2953125 0.0859375
4 0.521875 0.0859375 0.1109375 0.1703125
4 0.6375 0.153125 0.1171875 0.3046875
4 0.5375 0.5265625 0.0796875 0.2734375
4 0.4828125 0.5828125 0.1375 0.2578125
4 0.2828125 0.5296875 0.284375 0.2640625
4 0.48125 0.878125 0.190625 0.2375
4 0.25625 0.721875 0.2328125 0.3515625
4 0.3171875 0.815625 0.1640625 0.2765625
4 0.7890625 0.825 0.121875 0.3078125
4 0.9171875 0.83125 0.1109375 0.278125