4 0.0234375 0.35 0.046875 0.325
4 0.0546875 0.2359375 0.109375 0.178125
4 0.059375 0.3859375 0.09375 0.146875
4 0.5515625 0.234375 0.2140625 0.446875
4 0.7609375 0.21875 0.23125 0.39375
4 0.8375 0.0953125 0.3203125 0.190625
4 0.5734375 0.3125 0.2984375 0.0859375
4 0.8890625 0.2578125 0.215625 0.184375
4 0.2484375 0.6328125 0.315625 0.190625
4 0.2796875 0.746875 0.271875 0.16875
4 0.2078125 0.5890625 0.125 0.075
4 0.4984375 0.7671875 0.1609375 0.45625
4 0.5125 0.84375 0.190625 0.3078125
4 0.6125 0.84375 0.0671875 0.3078125
4 0.746875 0.7875 0.153125 0.278125