4 0.3484375 0.25625 0.1328125 0.375
4 0.1296875 0.3484375 0.259375 0.5140625
4 0.6796875 0.41875 0.1328125 0.378125
4 0.7609375 0.4046875 0.1515625 0.4015625
4 0.7015625 0.0875 0.1203125 0.175
4 0.7796875 0.1125 0.1421875 0.2234375
4 0.5546875 0.3734375 0.1296875 0.23125
4 0.325 0.8359375 0.1796875 0.325
4 0.121875 0.715625 0.175 0.2140625
4 0.346875 0.696875 0.1390625 0.178125
4 0.1640625 0.871875 0.153125 0.25
4 0.675 0.803125 0.1609375 0.3890625
4 0.4515625 0.7171875 0.0671875 0.21875
4 0.4921875 0.775 0.1484375 0.334375