4 0.1265625 0.2265625 0.184375 0.3
4 0.246875 0.2328125 0.0859375 0.2890625
4 0.325 0.19375 0.084375 0.3484375
4 0.14375 0.3328125 0.121875 0.0890625
4 0.753125 0.1 0.184375 0.2
4 0.646875 0.1234375 0.1390625 0.246875
4 0.51875 0.1 0.1390625 0.2
4 0.6484375 0.3359375 0.196875 0.08125
4 0.4921875 0.2296875 0.0859375 0.2953125
4 0.5078125 0.29375 0.115625 0.165625
4 0.1171875 0.6828125 0.234375 0.346875
4 0.075 0.64375 0.1484375 0.315625
4 0.375 0.64375 0.14375 0.1640625
4 0.36875 0.925 0.15625 0.146875
4 0.1234375 0.8875 0.1421875 0.221875
4 0.9703125 0.6796875 0.0546875 0.5671875
4 0.853125 0.659375 0.1640625 0.54375
4 0.7421875 0.5359375 0.2765625 0.3125