4 0.1265625 0.1828125 0.1375 0.365625
4 0.059375 0.159375 0.11875 0.31875
4 0.4921875 0.2953125 0.0453125 0.1390625
4 0.8109375 0.146875 0.08125 0.1171875
4 0.740625 0.1953125 0.0984375 0.10625
4 0.49375 0.059375 0.05 0.1171875
4 0.58125 0.0984375 0.071875 0.121875
4 0.53125 0.0734375 0.0546875 0.125
4 0.1640625 0.7421875 0.05 0.1125
4 0.1125 0.78125 0.0578125 0.1640625
4 0.1953125 0.60625 0.0484375 0.1515625
4 0.109375 0.4765625 0.0484375 0.1484375
4 0.1 0.5890625 0.0625 0.0625
4 0.21875 0.9296875 0.0390625 0.1375
4 0.1859375 0.9078125 0.040625 0.08125
4 0.1515625 0.928125 0.028125 0.053125
4 0.246875 0.9859375 0.0359375 0.0234375
4 0.184375 0.9765625 0.0140625 0.04375
4 0.5453125 0.7109375 0.153125 0.459375