4 0.31875 0.25625 0.121875 0.384375
4 0.465625 0.3875 0.040625 0.2984375
4 0.225 0.4296875 0.0546875 0.2109375
4 0.1671875 0.3984375 0.084375 0.2734375
4 0.2703125 0.3984375 0.09375 0.2765625
4 0.971875 0.278125 0.05 0.1125
4 0.91875 0.3171875 0.0578125 0.1640625
4 0.9875 0.14375 0.01875 0.1515625
4 0.915625 0.04375 0.05 0.0875
4 0.9078125 0.125 0.065625 0.0625
4 0.9859375 0.44375 0.0234375 0.084375
4 0.959375 0.4640625 0.028125 0.053125
4 0.9921875 0.5125 0.0140625 0.04375
4 0.015625 0.6359375 0.03125 0.1953125
4 0.1140625 0.8921875 0.0390625 0.2
4 0.6 0.653125 0.2046875 0.16875
4 0.7265625 0.796875 0.0578125 0.2046875
4 0.5484375 0.91875 0.1203125 0.1015625
4 0.5515625 0.96875 0.128125 0.0578125
4 0.6984375 0.9296875 0.075 0.134375