4 0.140625 0.4125 0.146875 0.209375
4 0.25 0.41875 0.1203125 0.196875
4 0.3953125 0.3203125 0.1609375 0.39375
4 0.9609375 0.3953125 0.071875 0.2421875
4 0.3078125 0.70625 0.05 0.1125
4 0.25625 0.7453125 0.0578125 0.1640625
4 0.340625 0.5828125 0.05 0.128125
4 0.24375 0.553125 0.065625 0.0625
4 0.3625 0.8953125 0.0359375 0.1421875
4 0.33125 0.871875 0.040625 0.08125
4 0.2953125 0.8921875 0.028125 0.053125
4 0.3890625 0.9609375 0.034375 0.04375
4 0.328125 0.940625 0.0140625 0.04375
4 0.6984375 0.6890625 0.2046875 0.3390625
4 0.725 0.89375 0.1609375 0.20625
4 0.5078125 0.7578125 0.0578125 0.478125
4 0.5484375 0.8078125 0.1390625 0.3796875