4 0.1703125 0.2 0.10625 0.153125
4 0.059375 0.16875 0.1171875 0.215625
4 0.0359375 0.1484375 0.071875 0.2375
4 0.9390625 0.0703125 0.115625 0.140625
4 0.94375 0.2625 0.075 0.028125
4 0.3140625 0.46875 0.228125 0.3796875
4 0.084375 0.5640625 0.1609375 0.321875
4 0.0765625 0.4875 0.153125 0.2578125
4 0.128125 0.31875 0.075 0.0796875
4 0.6359375 0.396875 0.2046875 0.16875
4 0.7625 0.5390625 0.0578125 0.2046875
4 0.5921875 0.91875 0.1609375 0.159375
4 0.68125 0.940625 0.040625 0.115625
4 0.571875 0.6609375 0.14375 0.1015625
4 0.5765625 0.85625 0.115625 0.075
4 0.5859375 0.7734375 0.128125 0.1796875
4 0.7328125 0.721875 0.071875 0.23125