4 0.259375 0.2359375 0.0484375 0.1203125
4 0.2265625 0.2578125 0.034375 0.0765625
4 0.1953125 0.246875 0.0265625 0.096875
4 0.165625 0.2625 0.028125 0.0671875
4 0.1390625 0.20625 0.1015625 0.1796875
4 0.034375 0.1828125 0.0671875 0.153125
4 0.628125 0.1546875 0.0765625 0.28125
4 0.6984375 0.159375 0.084375 0.2734375
4 0.7359375 0.08125 0.134375 0.1609375
4 0.6390625 0.2625 0.10625 0.0671875
4 0.753125 0.2203125 0.09375 0.146875
4 0.309375 0.58125 0.1328125 0.378125
4 0.390625 0.5703125 0.1484375 0.409375
4 0.4453125 0.8828125 0.10625 0.2109375
4 0.409375 0.340625 0.1421875 0.0859375
4 0.184375 0.534375 0.128125 0.23125
4 0.5421875 0.6953125 0.084375 0.3078125
4 0.65 0.7015625 0.1109375 0.278125