4 0.2875 0.184375 0.125 0.36875
4 0.459375 0.328125 0.090625 0.3390625
4 0.19375 0.371875 0.0546875 0.253125
4 0.1359375 0.340625 0.084375 0.315625
4 0.2390625 0.3390625 0.09375 0.3171875
4 0.6375 0.3078125 0.196875 0.3796875
4 0.8375 0.3140625 0.2328125 0.3671875
4 0.8765625 0.18125 0.2421875 0.2328125
4 0.66875 0.4203125 0.2625 0.0859375
4 0.928125 0.3671875 0.1390625 0.184375
4 0.1859375 0.6484375 0.1953125 0.2953125
4 0.0640625 0.628125 0.0984375 0.2578125
4 0.1921875 0.8875 0.1296875 0.21875
4 0.946875 0.66875 0.1015625 0.3359375