4 0.10625 0.309375 0.2109375 0.496875
4 0.08125 0.0859375 0.14375 0.171875
4 0.54375 0.1953125 0.103125 0.14375
4 0.6234375 0.2515625 0.103125 0.146875
4 0.590625 0.2203125 0.1015625 0.1421875
4 0.965625 0.0984375 0.065625 0.1203125
4 0.903125 0.1484375 0.0984375 0.10625
4 0.559375 0.54375 0.096875 0.0859375
4 0.8734375 0.403125 0.0890625 0.115625
4 0.6484375 0.034375 0.065625 0.06875
4 0.746875 0.05625 0.075 0.1125
4 0.69375 0.04375 0.05625 0.0875
4 0.7328125 0.478125 0.065625 0.121875
4 0.8296875 0.434375 0.084375 0.115625
4 0.809375 0.440625 0.0765625 0.115625
4 0.7859375 0.4578125 0.08125 0.121875
4 0.2234375 0.8203125 0.446875 0.35625
4 0.896875 0.940625 0.034375 0.1125