4 0.1109375 0.096875 0.221875 0.19375
4 0.2265625 0.0890625 0.0671875 0.178125
4 0.4046875 0.196875 0.084375 0.1015625
4 0.3546875 0.190625 0.1609375 0.1125
4 0.58125 0.0796875 0.103125 0.14375
4 0.6625 0.1359375 0.103125 0.146875
4 0.628125 0.1046875 0.1015625 0.1421875
4 0.9421875 0.04375 0.1015625 0.0859375
4 0.428125 0.659375 0.0390625 0.20625
4 0.3515625 0.621875 0.0703125 0.153125
4 0.5703125 0.5765625 0.2421875 0.346875
4 0.528125 0.5375 0.15625 0.315625
4 0.8453125 0.5390625 0.1703125 0.1609375
4 0.815625 0.9296875 0.2421875 0.1375
4 0.85 0.840625 0.2046875 0.1875
4 0.5703125 0.928125 0.2421875 0.1390625
4 0.58125 0.8125 0.1390625 0.28125