4 0.259375 0.2234375 0.1484375 0.446875
4 0.3625 0.29375 0.128125 0.471875
4 0.3765625 0.0625 0.0984375 0.125
4 0.70625 0.4328125 0.05 0.1125
4 0.6546875 0.471875 0.0578125 0.1640625
4 0.7390625 0.296875 0.0484375 0.1515625
4 0.653125 0.1671875 0.0484375 0.1484375
4 0.64375 0.278125 0.065625 0.0625
4 0.7625 0.5640625 0.0390625 0.0265625
4 0.7296875 0.565625 0.040625 0.021875
4 0.2609375 0.63125 0.146875 0.103125
4 0.284375 0.75 0.2546875 0.2265625
4 0.0171875 0.840625 0.034375 0.28125
4 0.1015625 0.840625 0.1390625 0.246875
4 0.1796875 0.85625 0.1875 0.259375
4 0.034375 0.615625 0.059375 0.071875
4 0.459375 0.903125 0.0625 0.190625
4 0.55625 0.9140625 0.1125 0.16875