4 0.1171875 0.215625 0.09375 0.153125
4 0.43125 0.05 0.0890625 0.0984375
4 0.290625 0.115625 0.0671875 0.121875
4 0.3875 0.0703125 0.084375 0.1125
4 0.3671875 0.078125 0.0765625 0.115625
4 0.34375 0.0953125 0.08125 0.121875
4 0.7078125 0.2375 0.2 0.1609375
4 0.190625 0.6796875 0.178125 0.45625
4 0.8203125 0.7109375 0.103125 0.21875
4 0.6890625 0.6828125 0.1609375 0.2890625
4 0.665625 0.6265625 0.115625 0.2375
4 0.753125 0.909375 0.2453125 0.175
4 0.6984375 0.8578125 0.1796875 0.2109375
4 0.93125 0.878125 0.1328125 0.23125
4 0.9765625 0.81875 0.040625 0.1328125