4 0.296875 0.3375 0.1953125 0.0984375
4 0.1171875 0.1921875 0.053125 0.25
4 0.55 0.2140625 0.14375 0.346875
4 0.565625 0.3078125 0.1734375 0.159375
4 0.65625 0.3078125 0.0671875 0.159375
4 0.7890625 0.2859375 0.15625 0.2015625
4 0.1125 0.509375 0.225 0.24375
4 0.0703125 0.4828125 0.1390625 0.1875
4 0.3796875 0.4453125 0.1734375 0.1125
4 0.35 0.8703125 0.2421875 0.2546875
4 0.378125 0.721875 0.1953125 0.190625
4 0.1125 0.8671875 0.225 0.259375
4 0.1140625 0.6953125 0.1390625 0.28125
4 0.9703125 0.8 0.0546875 0.2546875
4 0.890625 0.85 0.0984375 0.290625
4 0.9875 0.6609375 0.01875 0.2109375