4 0.153125 0.1109375 0.2453125 0.221875
4 0.0953125 0.0828125 0.190625 0.165625
4 0.4296875 0.0453125 0.1734375 0.090625
4 0.4 0.4640625 0.240625 0.2625
4 0.434375 0.3109375 0.2046875 0.1875
4 0.146875 0.4671875 0.2578125 0.2765625
4 0.1640625 0.284375 0.1390625 0.28125
4 0.9609375 0.075 0.071875 0.15
4 0.0484375 0.8859375 0.09375 0.153125
4 0.3625 0.7109375 0.0890625 0.115625
4 0.221875 0.7859375 0.0671875 0.121875
4 0.3171875 0.7421875 0.084375 0.115625
4 0.2984375 0.7484375 0.0765625 0.115625
4 0.2734375 0.765625 0.0796875 0.121875
4 0.7875 0.8859375 0.2140625 0.2234375
4 0.9390625 0.8921875 0.1171875 0.2109375
4 0.95625 0.8375 0.084375 0.2328125