5 0.0703125 0.553125 0.140625 0.421875
5 0.0828125 0.2046875 0.165625 0.315625
5 0.0859375 0.8953125 0.171875 0.203125
5 0.0921875 0.0359375 0.184375 0.071875
5 0.253125 0.3953125 0.2640625 0.3953125
5 0.2625 0.784375 0.25625 0.3828125
5 0.2765625 0.1078125 0.246875 0.215625
5 0.4828125 0.6140625 0.284375 0.428125
5 0.471875 0.9234375 0.2546875 0.15
5 0.5046875 0.2171875 0.2515625 0.359375
5 0.5171875 0.046875 0.21875 0.09375
5 0.70625 0.3875 0.26875 0.43125
5 0.7140625 0.825 0.275 0.346875
5 0.7625 0.1296875 0.290625 0.259375
5 0.909375 0.584375 0.1796875 0.421875
5 0.909375 0.9046875 0.178125 0.1875
5 0.934375 0.2046875 0.128125 0.35625