5 0.0984375 0.4171875 0.1890625 0.1203125
5 0.1140625 0.246875 0.146875 0.1765625
5 0.146875 0.565625 0.165625 0.203125
5 0.20625 0.290625 0.14375 0.171875
5 0.2359375 0.4140625 0.1671875 0.1484375
5 0.228125 0.1328125 0.1125 0.1671875
5 0.2890625 0.73125 0.16875 0.1703125
5 0.30625 0.5859375 0.16875 0.228125
5 0.34375 0.3046875 0.15 0.190625
5 0.334375 0.121875 0.115625 0.1453125
5 0.4 0.45625 0.153125 0.2015625
5 0.4171875 0.68125 0.16875 0.2203125
5 0.453125 0.221875 0.15 0.159375
5 0.55 0.525 0.1640625 0.221875
5 0.546875 0.3375 0.15625 0.190625