5 0.0109375 0.3484375 0.021875 0.0375
5 0.0125 0.2484375 0.025 0.0453125
5 0.01875 0.190625 0.0375 0.0375
5 0.034375 0.3328125 0.040625 0.0375
5 0.0546875 0.315625 0.0453125 0.028125
5 0.0578125 0.2421875 0.04375 0.01875
5 0.065625 0.1796875 0.034375 0.0359375
5 0.096875 0.209375 0.0640625 0.021875
5 0.103125 0.1828125 0.034375 0.025
5 0.11875 0.240625 0.04375 0.0296875
5 0.1625 0.228125 0.04375 0.0375
5 0.2 0.1609375 0.059375 0.05
5 0.215625 0.128125 0.0515625 0.04375
5 0.309375 0.125 0.1546875 0.1390625
5 0.303125 0.3234375 0.0546875 0.059375
5 0.3109375 0.371875 0.0578125 0.0453125
5 0.346875 0.390625 0.05 0.04375
5 0.365625 0.340625 0.059375 0.0546875
5 0.45625 0.346875 0.059375 0.034375
5 0.4578125 0.30625 0.0609375 0.0546875
5 0.4859375 0.26875 0.0578125 0.05
5 0.5234375 0.334375 0.059375 0.053125
5 0.534375 0.2890625 0.0546875 0.04375
5 0.5921875 0.26875 0.0609375 0.065625
5 0.6625 0.246875 0.08125 0.065625
5 0.7109375 0.184375 0.090625 0.071875
5 0.7578125 0.2875 0.034375 0.028125
5 0.8046875 0.2859375 0.0515625 0.0390625
5 0.95 0.19375 0.096875 0.0875
5 0.98125 0.1734375 0.034375 0.0796875