5 0.15625 0.5015625 0.06875 0.084375
5 0.1828125 0.3765625 0.115625 0.071875
5 0.1859375 0.6578125 0.0953125 0.06875
5 0.2296875 0.490625 0.0859375 0.090625
5 0.228125 0.7796875 0.0609375 0.0828125
5 0.284375 0.578125 0.0921875 0.0609375
5 0.3015625 0.7109375 0.0640625 0.103125
5 0.3609375 0.4859375 0.084375 0.084375
5 0.3515625 0.35625 0.0609375 0.0765625
5 0.3625 0.609375 0.0734375 0.0765625
5 0.3796875 0.85 0.0515625 0.034375
5 0.44375 0.6734375 0.11875 0.065625
5 0.4609375 0.325 0.096875 0.0703125
5 0.471875 0.7890625 0.0890625 0.10625
5 0.48125 0.715625 0.084375 0.028125
5 0.48125 0.521875 0.0640625 0.09375
5 0.5484375 0.5640625 0.090625 0.0640625
5 0.6296875 0.490625 0.1203125 0.0890625
5 0.61875 0.3578125 0.084375 0.10625
5 0.6359375 0.2140625 0.09375 0.071875
5 0.6609375 0.575 0.103125 0.06875
5 0.70625 0.6359375 0.0890625 0.0796875
5 0.7265625 0.228125 0.096875 0.0703125
5 0.71875 0.6828125 0.0640625 0.078125
5 0.765625 0.7109375 0.06875 0.0890625
5 0.7734375 0.6046875 0.071875 0.0765625
5 0.7875 0.5375 0.0828125 0.0765625