5 0.184375 0.890625 0.14375 0.2125
5 0.009375 0.8015625 0.01875 0.125
5 0.021875 0.9375 0.04375 0.121875
5 0.0640625 0.9265625 0.103125 0.1421875
5 0.0859375 0.7953125 0.0625 0.18125
5 0.2734375 0.7890625 0.0984375 0.1515625
5 0.3296875 0.9203125 0.1234375 0.15625
5 0.578125 0.459375 0.053125 0.1046875
5 0.603125 0.396875 0.0484375 0.08125
5 0.63125 0.3453125 0.040625 0.0546875
5 0.6328125 0.4234375 0.040625 0.0640625
5 0.671875 0.3640625 0.0609375 0.071875
5 0.6703125 0.428125 0.034375 0.0640625
5 0.7046875 0.41875 0.0484375 0.0875
5 0.8859375 0.9546875 0.0375 0.0859375
5 0.915625 0.890625 0.0484375 0.0890625
5 0.9390625 0.9625 0.0640625 0.071875
5 0.9640625 0.8515625 0.06875 0.084375
5 0.98125 0.965625 0.034375 0.065625