5 0.2125 0.5 0.23125 0.3203125
5 0.1765625 0.2546875 0.0765625 0.1703125
5 0.284375 0.1859375 0.18125 0.2859375
5 0.3078125 0.3921875 0.146875 0.1625
5 0.3265625 0.7109375 0.140625 0.2078125
5 0.425 0.4984375 0.209375 0.3375
5 0.453125 0.26875 0.16875 0.190625
5 0.409375 0.1703125 0.0640625 0.0859375
5 0.4296875 0.78125 0.103125 0.1546875
5 0.4546875 0.7484375 0.109375 0.196875
5 0.6203125 0.75 0.259375 0.3453125
5 0.6015625 0.2890625 0.1796875 0.2328125
5 0.590625 0.48125 0.153125 0.1859375
5 0.70625 0.5671875 0.1109375 0.1859375
5 0.75 0.3875 0.1734375 0.2390625
5 0.765625 0.6015625 0.059375 0.146875