5 0.7140625 0.840625 0.1015625 0.065625
5 0.021875 0.5875 0.040625 0.0484375
5 0.034375 0.809375 0.065625 0.0484375
5 0.04375 0.8875 0.0578125 0.0390625
5 0.1234375 0.8875 0.084375 0.05
5 0.1921875 0.915625 0.0640625 0.05
5 0.215625 0.775 0.078125 0.0453125
5 0.2171875 0.6484375 0.0609375 0.05
5 0.2703125 0.6453125 0.0546875 0.0390625
5 0.2875 0.728125 0.06875 0.0453125
5 0.2984375 0.775 0.0515625 0.04375
5 0.35 0.603125 0.078125 0.0375
5 0.3796875 0.6671875 0.075 0.0453125
5 0.3984375 0.9203125 0.065625 0.0375
5 0.409375 0.84375 0.05625 0.034375
5 0.4203125 0.9703125 0.0609375 0.040625
5 0.421875 0.6109375 0.0609375 0.0484375
5 0.44375 0.6375 0.0640625 0.05
5 0.4890625 0.825 0.071875 0.05625
5 0.4921875 0.6921875 0.08125 0.040625
5 0.509375 0.7421875 0.078125 0.04375
5 0.51875 0.665625 0.0515625 0.0328125
5 0.5671875 0.503125 0.065625 0.034375
5 0.565625 0.6734375 0.034375 0.0203125
5 0.571875 0.6421875 0.0453125 0.028125
5 0.6015625 0.4703125 0.0453125 0.040625
5 0.6296875 0.6625 0.06875 0.04375
5 0.6421875 0.559375 0.06875 0.0453125
5 0.65625 0.5109375 0.06875 0.0328125
5 0.6546875 0.703125 0.0640625 0.0390625
5 0.68125 0.621875 0.065625 0.04375
5 0.709375 0.69375 0.0578125 0.0453125
5 0.7203125 0.7640625 0.065625 0.059375
5 0.7765625 0.528125 0.0640625 0.0453125
5 0.8 0.6078125 0.065625 0.040625
5 0.81875 0.878125 0.0578125 0.034375
5 0.8578125 0.71875 0.0578125 0.05
5 0.8875 0.453125 0.0515625 0.0453125
5 0.95 0.6109375 0.0484375 0.0359375