5 0.328125 0.446875 0.075 0.1
5 0.1625 0.559375 0.065625 0.0890625
5 0.1859375 0.30625 0.059375 0.075
5 0.190625 0.6203125 0.0578125 0.078125
5 0.215625 0.69375 0.084375 0.1109375
5 0.2484375 0.596875 0.0765625 0.0984375
5 0.278125 0.671875 0.0484375 0.0765625
5 0.303125 0.3921875 0.0546875 0.059375
5 0.5140625 0.2359375 0.0375 0.0546875
5 0.565625 0.6484375 0.034375 0.0640625
5 0.6 0.6625 0.0484375 0.0703125
5 0.6328125 0.715625 0.090625 0.1171875
5 0.653125 0.603125 0.065625 0.0890625
5 0.6765625 0.671875 0.0671875 0.090625
5 0.7671875 0.2296875 0.040625 0.059375