5 0.7734375 0.54375 0.1015625 0.15625
5 0.34375 0.25 0.05 0.04375
5 0.409375 0.2734375 0.1 0.128125
5 0.43125 0.2328125 0.090625 0.1125
5 0.4609375 0.3625 0.08125 0.1015625
5 0.4875 0.23125 0.05 0.0765625
5 0.5203125 0.30625 0.075 0.121875
5 0.5359375 0.446875 0.0828125 0.121875
5 0.5296875 0.20625 0.034375 0.0484375
5 0.5890625 0.19375 0.0875 0.1046875
5 0.6015625 0.26875 0.1078125 0.15625
5 0.6015625 0.4609375 0.0453125 0.053125
5 0.65625 0.3671875 0.0984375 0.121875
5 0.6765625 0.4546875 0.1125 0.1171875
5 0.6609375 0.1375 0.0640625 0.059375
5 0.68125 0.5875 0.0921875 0.1515625
5 0.6796875 0.1828125 0.0875 0.103125
5 0.68125 0.2703125 0.06875 0.0859375
5 0.7546875 0.3578125 0.115625 0.13125
5 0.7515625 0.2296875 0.0859375 0.121875
5 0.78125 0.4125 0.1078125 0.1421875
5 0.7828125 0.6796875 0.103125 0.1328125
5 0.8015625 0.2671875 0.0796875 0.075
5 0.8578125 0.7328125 0.13125 0.1671875
5 0.8390625 0.2953125 0.0828125 0.084375
5 0.8640625 0.6046875 0.1140625 0.1375
5 0.8609375 0.4953125 0.103125 0.121875
5 0.8703125 0.4 0.090625 0.121875
5 0.90625 0.31875 0.0578125 0.0609375
5 0.940625 0.484375 0.1015625 0.13125
5 0.9296875 0.3875 0.075 0.115625
5 0.9484375 0.8640625 0.103125 0.1765625
5 0.9578125 0.6484375 0.08125 0.1640625
5 0.9671875 0.36875 0.0609375 0.1015625
5 0.978125 0.515625 0.04375 0.134375
5 0.9875 0.7859375 0.021875 0.1015625