5 0.1703125 0.1390625 0.1421875 0.246875
5 0.1859375 0.3609375 0.1484375 0.2125
5 0.2453125 0.159375 0.053125 0.1984375
5 0.2953125 0.2859375 0.1421875 0.225
5 0.275 0.01875 0.0734375 0.0359375
5 0.35 0.1109375 0.11875 0.159375
5 0.3828125 0.6453125 0.096875 0.1859375
5 0.3984375 0.3078125 0.1109375 0.190625
5 0.4640625 0.21875 0.146875 0.2203125
5 0.471875 0.825 0.1625 0.240625
5 0.578125 0.15625 0.14375 0.221875
5 0.590625 0.3578125 0.16875 0.2828125
5 0.5984375 0.7734375 0.1765625 0.2578125
5 0.6203125 0.6296875 0.134375 0.1359375
5 0.7421875 0.4640625 0.1859375 0.2390625
5 0.853125 0.403125 0.165625 0.2515625
5 0.94375 0.2796875 0.1109375 0.26875