5 0.19375 0.671875 0.1859375 0.3375
5 0.30625 0.8484375 0.2 0.3015625
5 0.3765625 0.3484375 0.178125 0.29375
5 0.3859375 0.628125 0.190625 0.334375
5 0.465625 0.1125 0.1546875 0.2234375
5 0.5125 0.859375 0.2125 0.2765625
5 0.5125 0.4984375 0.1796875 0.2796875
5 0.5828125 0.675 0.1671875 0.1828125
5 0.6 0.3265625 0.1875 0.25625
5 0.6703125 0.175 0.165625 0.246875
5 0.675 0.5359375 0.1578125 0.253125
5 0.7515625 0.35625 0.134375 0.1859375
5 0.73125 0.08125 0.0640625 0.1359375
5 0.8421875 0.13125 0.159375 0.2625