5 0.48125 0.46875 0.1484375 0.20625
5 0.11875 0.6859375 0.134375 0.1765625
5 0.1359375 0.309375 0.121875 0.15625
5 0.2140625 0.1359375 0.134375 0.1765625
5 0.215625 0.5859375 0.128125 0.1640625
5 0.2484375 0.3984375 0.13125 0.1703125
5 0.2734375 0.734375 0.1234375 0.18125
5 0.3078125 0.221875 0.11875 0.1875
5 0.334375 0.534375 0.15625 0.20625
5 0.353125 0.903125 0.153125 0.1921875
5 0.378125 0.36875 0.121875 0.1375
5 0.4 0.2359375 0.15 0.1984375
5 0.4015625 0.7140625 0.146875 0.215625
5 0.45625 0.140625 0.11875 0.159375
5 0.503125 0.8375 0.11875 0.18125
5 0.515625 0.2875 0.1125 0.171875
5 0.5265625 0.640625 0.134375 0.175
5 0.59375 0.1421875 0.1390625 0.1765625
5 0.61875 0.4015625 0.1453125 0.1921875
5 0.6234375 0.775 0.1390625 0.1796875
5 0.6375 0.9296875 0.115625 0.1359375
5 0.6609375 0.590625 0.13125 0.1828125
5 0.7375 0.246875 0.1265625 0.1796875
5 0.75625 0.715625 0.1421875 0.1875