5 0.809375 0.6453125 0.2 0.1640625
5 0.23125 0.490625 0.1765625 0.14375
5 0.253125 0.3515625 0.178125 0.159375
5 0.2625 0.603125 0.2 0.109375
5 0.2578125 0.6875 0.1703125 0.240625
5 0.29375 0.79375 0.159375 0.284375
5 0.3 0.2765625 0.15625 0.215625
5 0.3296875 0.2 0.1 0.228125
5 0.35625 0.859375 0.15 0.278125
5 0.428125 0.1703125 0.1265625 0.2234375
5 0.4375 0.884375 0.1375 0.2296875
5 0.55625 0.146875 0.15625 0.1796875
5 0.5515625 0.8953125 0.1109375 0.20625
5 0.61875 0.190625 0.1578125 0.18125
5 0.6265625 0.8828125 0.159375 0.2328125
5 0.6890625 0.8421875 0.16875 0.2578125
5 0.70625 0.2421875 0.1921875 0.1765625
5 0.7609375 0.7640625 0.171875 0.246875
5 0.7609375 0.3140625 0.175 0.128125
5 0.8234375 0.5078125 0.196875 0.10625
5 0.8171875 0.39375 0.1671875 0.1375