5 0.5828125 0.1046875 0.1046875 0.1328125
5 0.225 0.275 0.1078125 0.1390625
5 0.2296875 0.171875 0.0640625 0.0984375
5 0.265625 0.084375 0.0953125 0.1078125
5 0.284375 0.3203125 0.128125 0.1359375
5 0.2953125 0.178125 0.1 0.1328125
5 0.35625 0.3578125 0.1109375 0.0875
5 0.371875 0.2453125 0.090625 0.121875
5 0.3875 0.115625 0.1015625 0.15
5 0.425 0.3046875 0.121875 0.1234375
5 0.44375 0.0953125 0.053125 0.059375
5 0.4734375 0.196875 0.1109375 0.153125
5 0.4875 0.3734375 0.1125 0.08125
5 0.5125 0.103125 0.075 0.078125
5 0.5390625 0.278125 0.1125 0.1359375
5 0.5640625 0.2203125 0.0734375 0.0875
5 0.6078125 0.3359375 0.128125 0.1078125
5 0.659375 0.26875 0.1375 0.1328125
5 0.653125 0.2015625 0.096875 0.1125