5 0.3953125 0.4765625 0.103125 0.1125
5 0.0515625 0.0859375 0.090625 0.0890625
5 0.1125 0.053125 0.090625 0.078125
5 0.240625 0.2265625 0.0609375 0.0703125
5 0.2890625 0.746875 0.0421875 0.0546875
5 0.396875 0.4234375 0.0859375 0.06875
5 0.4578125 0.496875 0.046875 0.05625
5 0.48125 0.440625 0.06875 0.0734375
5 0.49375 0.203125 0.071875 0.0671875
5 0.546875 0.028125 0.0515625 0.0484375
5 0.596875 0.0484375 0.05 0.0515625
5 0.63125 0.309375 0.0671875 0.0640625
5 0.65625 0.3671875 0.09375 0.0921875