5 0.5703125 0.8375 0.3609375 0.3
5 0.0578125 0.409375 0.115625 0.159375
5 0.103125 0.2171875 0.1765625 0.209375
5 0.1328125 0.1140625 0.1234375 0.1015625
5 0.2125 0.6171875 0.20625 0.2328125
5 0.2609375 0.7953125 0.2765625 0.371875
5 0.253125 0.1265625 0.13125 0.16875
5 0.3609375 0.4984375 0.1734375 0.1515625
5 0.3328125 0.30625 0.1078125 0.165625
5 0.44375 0.55625 0.275 0.2046875
5 0.3765625 0.1046875 0.1265625 0.090625
5 0.65625 0.540625 0.165625 0.1828125
5 0.790625 0.3890625 0.1875 0.25
5 0.9546875 0.3453125 0.090625 0.221875