5 0.3796875 0.7765625 0.19375 0.2265625
5 0.1796875 0.78125 0.190625 0.215625
5 0.228125 0.5734375 0.1609375 0.1671875
5 0.25625 0.453125 0.140625 0.121875
5 0.2765625 0.35625 0.1234375 0.1140625
5 0.3109375 0.290625 0.115625 0.0921875
5 0.33125 0.2203125 0.1 0.075
5 0.3828125 0.6 0.165625 0.15
5 0.3296875 0.1421875 0.04375 0.0609375
5 0.3453125 0.171875 0.053125 0.0390625
5 0.39375 0.4875 0.14375 0.1171875
5 0.3828125 0.3953125 0.1125 0.1203125
5 0.41875 0.3 0.1125 0.109375
5 0.4078125 0.1421875 0.0875 0.059375
5 0.428125 0.178125 0.1 0.0796875
5 0.4265625 0.2375 0.0859375 0.0640625
5 0.490625 0.121875 0.075 0.0734375
5 0.528125 0.4453125 0.134375 0.1421875
5 0.5453125 0.584375 0.159375 0.15625
5 0.51875 0.359375 0.103125 0.11875
5 0.515625 0.221875 0.0921875 0.08125
5 0.565625 0.7734375 0.184375 0.2046875
5 0.528125 0.1640625 0.1 0.08125
5 0.53125 0.2765625 0.090625 0.065625
5 0.5796875 0.1078125 0.0796875 0.08125
5 0.625 0.2078125 0.10625 0.090625
5 0.61875 0.1484375 0.090625 0.0703125
5 0.640625 0.3546875 0.128125 0.109375
5 0.6390625 0.2625 0.1109375 0.09375
5 0.66875 0.446875 0.146875 0.1328125
5 0.665625 0.09375 0.0875 0.084375
5 0.721875 0.5625 0.14375 0.1703125
5 0.7546875 0.759375 0.19375 0.21875
5 0.721875 0.1828125 0.0921875 0.0953125
5 0.715625 0.125 0.0796875 0.078125
5 0.7515625 0.2453125 0.10625 0.0859375
5 0.7625 0.3296875 0.1234375 0.1078125
5 0.8015625 0.425 0.1234375 0.134375
5 0.8796875 0.553125 0.171875 0.175
5 0.9234375 0.740625 0.153125 0.1984375