5 0.05625 0.0953125 0.1125 0.190625
5 0.0703125 0.3109375 0.140625 0.165625
5 0.134375 0.678125 0.26875 0.340625
5 0.11875 0.0453125 0.10625 0.090625
5 0.1265625 0.1546875 0.059375 0.1953125
5 0.190625 0.9703125 0.0921875 0.05625
5 0.190625 0.2296875 0.0875 0.234375
5 0.23125 0.059375 0.10625 0.1171875
5 0.2859375 0.9671875 0.203125 0.0609375
5 0.3234375 0.13125 0.2453125 0.2625
5 0.36875 0.6 0.25625 0.321875
5 0.31875 0.928125 0.0765625 0.053125
5 0.3734375 0.0359375 0.1625 0.0703125
5 0.371875 0.8296875 0.134375 0.109375
5 0.4484375 0.9015625 0.19375 0.1953125
5 0.48125 0.3890625 0.23125 0.1515625
5 0.459375 0.1171875 0.1390625 0.234375
5 0.50625 0.6109375 0.190625 0.3203125
5 0.575 0.5453125 0.2265625 0.3015625
5 0.615625 0.1109375 0.1390625 0.21875
5 0.659375 0.2265625 0.1546875 0.090625
5 0.690625 0.9 0.1875 0.196875
5 0.746875 0.1328125 0.15 0.175
5 0.73125 0.0265625 0.103125 0.0515625
5 0.7921875 0.7 0.14375 0.20625
5 0.8 0.171875 0.128125 0.096875
5 0.8875 0.4 0.2234375 0.3015625
5 0.8578125 0.03125 0.128125 0.0625
5 0.8921875 0.8984375 0.1875 0.146875
5 0.878125 0.09375 0.1140625 0.134375
5 0.928125 0.10625 0.1390625 0.14375
5 0.934375 0.725 0.128125 0.2078125