5 0.640625 0.5375 0.24375 0.1671875
5 0.203125 0.59375 0.284375 0.165625
5 0.296875 0.7984375 0.409375 0.2359375
5 0.2015625 0.4046875 0.1984375 0.0875
5 0.275 0.271875 0.1609375 0.059375
5 0.271875 0.221875 0.1375 0.0484375
5 0.3140625 0.4828125 0.221875 0.13125
5 0.265625 0.159375 0.1125 0.0546875
5 0.2859375 0.1984375 0.121875 0.0453125
5 0.45 0.19375 0.128125 0.053125
5 0.484375 0.2453125 0.1203125 0.05625
5 0.5234375 0.296875 0.1421875 0.0640625
5 0.571875 0.409375 0.190625 0.0953125
5 0.64375 0.1828125 0.109375 0.0375
5 0.7171875 0.665625 0.246875 0.1546875
5 0.6765625 0.221875 0.1 0.0484375
5 0.7046875 0.284375 0.1515625 0.04375
5 0.71875 0.246875 0.13125 0.059375
5 0.8203125 0.828125 0.3140625 0.2015625
5 0.884375 0.4875 0.2296875 0.128125
5 0.8609375 0.41875 0.1640625 0.06875