5 0.021875 0.15625 0.04375 0.3125
5 0.034375 0.3484375 0.06875 0.1609375
5 0.0859375 0.7609375 0.171875 0.334375
5 0.090625 0.9328125 0.1796875 0.1296875
5 0.125 0.5015625 0.2484375 0.375
5 0.078125 0.196875 0.0765625 0.278125
5 0.2 0.1984375 0.253125 0.3859375
5 0.2734375 0.953125 0.2703125 0.0921875
5 0.278125 0.775 0.2640625 0.428125
5 0.3859375 0.4453125 0.2734375 0.43125
5 0.4390625 0.171875 0.234375 0.2390625
5 0.415625 0.9734375 0.1578125 0.05
5 0.528125 0.7984375 0.2640625 0.4
5 0.6109375 0.4265625 0.26875 0.39375
5 0.6609375 0.1671875 0.246875 0.334375
5 0.7 0.834375 0.2265625 0.328125
5 0.7046875 0.546875 0.2015625 0.2828125
5 0.853125 0.340625 0.2375 0.3828125
5 0.83125 0.7265625 0.1796875 0.3921875
5 0.9140625 0.634375 0.1703125 0.31875
5 0.940625 0.86875 0.11875 0.259375
5 0.975 0.36875 0.0453125 0.259375