5 0.0703125 0.46875 0.140625 0.2109375
5 0.0765625 0.25625 0.153125 0.2015625
5 0.128125 0.7296875 0.20625 0.2421875
5 0.2125 0.18125 0.1609375 0.1546875
5 0.340625 0.8859375 0.234375 0.221875
5 0.340625 0.109375 0.134375 0.1515625
5 0.3828125 0.28125 0.1765625 0.2328125
5 0.4765625 0.0953125 0.1375 0.1515625
5 0.5015625 0.4109375 0.16875 0.2078125
5 0.6046875 0.196875 0.171875 0.1828125
5 0.6125 0.0625 0.165625 0.125
5 0.6390625 0.8234375 0.221875 0.325
5 0.7453125 0.3609375 0.190625 0.2359375
5 0.740625 0.1171875 0.1515625 0.1359375
5 0.8390625 0.790625 0.2015625 0.275
5 0.8703125 0.1296875 0.14375 0.175
5 0.88125 0.553125 0.15625 0.240625
5 0.9375 0.3171875 0.121875 0.1515625