5 0.409375 0.546875 0.2890625 0.44375
5 0.0328125 0.640625 0.065625 0.2796875
5 0.1078125 0.1609375 0.215625 0.321875
5 0.0671875 0.7921875 0.13125 0.265625
5 0.1796875 0.8921875 0.346875 0.209375
5 0.09375 0.471875 0.175 0.346875
5 0.2640625 0.453125 0.209375 0.3703125
5 0.2546875 0.775 0.1734375 0.2453125
5 0.309375 0.1421875 0.178125 0.284375
5 0.459375 0.384375 0.1890625 0.228125
5 0.54375 0.878125 0.321875 0.2375
5 0.484375 0.1328125 0.196875 0.265625
5 0.6375 0.4453125 0.1796875 0.346875
5 0.659375 0.790625 0.1953125 0.325
5 0.6953125 0.14375 0.2140625 0.2859375
5 0.8046875 0.56875 0.2984375 0.434375
5 0.8234375 0.3046875 0.1859375 0.1890625
5 0.853125 0.115625 0.1421875 0.23125
5 0.953125 0.396875 0.0921875 0.3875
5 0.953125 0.81875 0.090625 0.35625