5 0.79375 0.825 0.2625 0.3296875
5 0.025 0.30625 0.05 0.1125
5 0.0328125 0.078125 0.065625 0.1125
5 0.0453125 0.459375 0.090625 0.2453125
5 0.059375 0.875 0.1171875 0.246875
5 0.0796875 0.196875 0.159375 0.215625
5 0.078125 0.028125 0.1359375 0.0546875
5 0.1234375 0.6375 0.1984375 0.309375
5 0.1171875 0.08125 0.14375 0.134375
5 0.1765625 0.309375 0.2125 0.2890625
5 0.1453125 0.959375 0.1125 0.078125
5 0.1796875 0.9703125 0.159375 0.0578125
5 0.2328125 0.0671875 0.153125 0.134375
5 0.29375 0.4296875 0.2 0.2828125
5 0.2578125 0.659375 0.1 0.221875
5 0.3140625 0.1859375 0.1578125 0.215625
5 0.415625 0.6953125 0.2625 0.3375
5 0.4296875 0.3015625 0.16875 0.225
5 0.4625 0.04375 0.178125 0.0875
5 0.4875 0.115625 0.190625 0.184375
5 0.571875 0.9453125 0.23125 0.10625
5 0.590625 0.5296875 0.246875 0.3359375
5 0.5953125 0.2296875 0.1796875 0.2390625
5 0.5796875 0.7609375 0.1078125 0.171875
5 0.7140625 0.065625 0.121875 0.13125
5 0.7859375 0.29375 0.23125 0.290625
5 0.78125 0.58125 0.18125 0.2140625
5 0.846875 0.0453125 0.1421875 0.090625
5 0.8984375 0.16875 0.203125 0.225
5 0.871875 0.690625 0.034375 0.075
5 0.934375 0.6875 0.128125 0.315625
5 0.9546875 0.065625 0.090625 0.13125