5 0.265625 0.65625 0.103125 0.225
5 0.246875 0.45 0.13125 0.16875
5 0.29375 0.3296875 0.1328125 0.153125
5 0.3234375 0.7875 0.1375 0.1890625
5 0.371875 0.1578125 0.1453125 0.234375
5 0.3984375 0.871875 0.11875 0.2515625
5 0.4734375 0.9203125 0.1203125 0.15625
5 0.490625 0.1578125 0.09375 0.234375
5 0.525 0.8296875 0.109375 0.2046875
5 0.596875 0.259375 0.0921875 0.275
5 0.6046875 0.8484375 0.10625 0.225
5 0.6375 0.69375 0.1546875 0.240625
5 0.684375 0.246875 0.134375 0.2203125
5 0.7171875 0.5953125 0.1234375 0.2375
5 0.7171875 0.4171875 0.1203125 0.1734375