5 0.809375 0.4078125 0.14375 0.075
5 0.353125 0.509375 0.1203125 0.08125
5 0.365625 0.440625 0.0953125 0.0703125
5 0.421875 0.4640625 0.096875 0.071875
5 0.4671875 0.4390625 0.1 0.065625
5 0.478125 0.5140625 0.115625 0.0703125
5 0.5546875 0.290625 0.10625 0.075
5 0.5625 0.2203125 0.1140625 0.075
5 0.634375 0.253125 0.1046875 0.065625
5 0.6625 0.303125 0.096875 0.075
5 0.66875 0.2203125 0.1 0.059375
5 0.778125 0.265625 0.1265625 0.084375
5 0.7734375 0.3421875 0.090625 0.084375
5 0.79375 0.50625 0.096875 0.08125
5 0.8375 0.303125 0.1140625 0.0796875
5 0.884375 0.4671875 0.10625 0.0734375
5 0.9 0.2546875 0.1390625 0.071875
5 0.903125 0.340625 0.1453125 0.0984375
5 0.91875 0.5 0.1328125 0.08125
5 0.9296875 0.4203125 0.1359375 0.078125