5 0.134375 0.78125 0.103125 0.2203125
5 0.13125 0.5765625 0.0796875 0.2125
5 0.203125 0.6765625 0.1421875 0.24375
5 0.2515625 0.4265625 0.1859375 0.25625
5 0.2515625 0.896875 0.159375 0.2
5 0.346875 0.8484375 0.175 0.1671875
5 0.4125 0.2375 0.18125 0.165625
5 0.596875 0.81875 0.2125 0.28125
5 0.5359375 0.25625 0.06875 0.1671875
5 0.640625 0.6484375 0.24375 0.3265625
5 0.653125 0.20625 0.2046875 0.265625
5 0.74375 0.4421875 0.175 0.2375
5 0.834375 0.3203125 0.2625 0.346875
5 0.7828125 0.64375 0.071875 0.2