5 0.034375 0.396875 0.06875 0.1875
5 0.0375 0.2546875 0.075 0.121875
5 0.0421875 0.8703125 0.0828125 0.25625
5 0.1015625 0.621875 0.2015625 0.2734375
5 0.121875 0.3046875 0.215625 0.221875
5 0.1328125 0.5 0.1546875 0.1609375
5 0.1546875 0.86875 0.1890625 0.2609375
5 0.2546875 0.4140625 0.2328125 0.21875
5 0.25 0.6734375 0.159375 0.3
5 0.253125 0.240625 0.1640625 0.1828125
5 0.3453125 0.8859375 0.2109375 0.225
5 0.4 0.521875 0.18125 0.215625
5 0.4484375 0.7328125 0.2421875 0.2765625
5 0.396875 0.346875 0.084375 0.1078125
5 0.475 0.4640625 0.165625 0.171875
5 0.4828125 0.3640625 0.1171875 0.103125
5 0.584375 0.884375 0.2171875 0.2296875
5 0.55 0.628125 0.1375 0.225
5 0.5734375 0.484375 0.0609375 0.1375
5 0.6265625 0.6578125 0.084375 0.184375