5 0.0359375 0.3109375 0.071875 0.078125
5 0.0453125 0.4484375 0.090625 0.084375
5 0.05625 0.715625 0.1125 0.15
5 0.09375 0.2109375 0.125 0.06875
5 0.071875 0.1125 0.0703125 0.0671875
5 0.1359375 0.0359375 0.0796875 0.046875
5 0.14375 0.3375 0.0921875 0.0625
5 0.1515625 0.1125 0.06875 0.0640625
5 0.1875 0.4859375 0.1109375 0.0859375
5 0.21875 0.821875 0.16875 0.184375
5 0.2 0.2375 0.1015625 0.0828125
5 0.23125 0.0359375 0.096875 0.0671875
5 0.25625 0.4 0.1078125 0.0921875
5 0.284375 0.1265625 0.0953125 0.0625
5 0.3328125 0.4984375 0.125 0.0859375
5 0.35625 0.2484375 0.103125 0.0828125
5 0.3546875 0.0546875 0.0953125 0.0609375
5 0.421875 0.828125 0.2078125 0.1953125
5 0.4265625 0.4 0.134375 0.1140625
5 0.440625 0.178125 0.1015625 0.06875
5 0.5015625 0.28125 0.159375 0.0671875
5 0.4890625 0.0734375 0.0921875 0.059375
5 0.503125 0.4921875 0.1125 0.075
5 0.553125 0.1921875 0.1171875 0.09375
5 0.5890625 0.3859375 0.125 0.078125
5 0.6390625 0.89375 0.203125 0.2
5 0.6421875 0.08125 0.0734375 0.053125
5 0.665625 0.021875 0.0703125 0.04375
5 0.6875 0.553125 0.10625 0.1171875
5 0.6734375 0.2796875 0.071875 0.08125
5 0.6921875 0.20625 0.1109375 0.0859375
5 0.7359375 0.4109375 0.115625 0.0828125
5 0.7265625 0.109375 0.078125 0.06875
5 0.740625 0.034375 0.065625 0.05
5 0.7734375 0.290625 0.0953125 0.0703125
5 0.8125 0.5734375 0.1265625 0.10625
5 0.8078125 0.1921875 0.103125 0.0921875
5 0.8140625 0.1171875 0.0859375 0.0421875
5 0.8984375 0.8515625 0.1984375 0.1734375
5 0.846875 0.025 0.0875 0.0484375
5 0.89375 0.440625 0.1328125 0.1078125
5 0.940625 0.3421875 0.1171875 0.0828125
5 0.971875 0.615625 0.0515625 0.125
5 0.971875 0.2125 0.05 0.0515625
5 0.978125 0.134375 0.040625 0.0625