5 0.103125 0.75625 0.20625 0.3078125
5 0.140625 0.9296875 0.2265625 0.1359375
5 0.1265625 0.2359375 0.1953125 0.2640625
5 0.153125 0.44375 0.1421875 0.2171875
5 0.2421875 0.5609375 0.2203125 0.290625
5 0.2421875 0.0859375 0.196875 0.171875
5 0.315625 0.790625 0.21875 0.309375
5 0.315625 0.3078125 0.2171875 0.290625
5 0.3578125 0.9609375 0.1796875 0.0734375
5 0.44375 0.0828125 0.2125 0.165625
5 0.471875 0.54375 0.25625 0.3609375
5 0.4953125 0.165625 0.240625 0.33125
5 0.4671875 0.35 0.1421875 0.10625
5 0.5734375 0.8703125 0.2578125 0.2546875
5 0.6703125 0.359375 0.246875 0.334375
5 0.66875 0.09375 0.24375 0.1875
5 0.7171875 0.6140625 0.253125 0.3734375
5 0.753125 0.9640625 0.1421875 0.065625
5 0.803125 0.7921875 0.2375 0.2515625
5 0.8828125 0.496875 0.23125 0.3734375
5 0.8921875 0.20625 0.2125 0.3265625
5 0.8609375 0.0546875 0.1421875 0.1078125
5 0.93125 0.925 0.1328125 0.146875
5 0.95625 0.740625 0.084375 0.215625
5 0.9671875 0.375 0.0625 0.090625