5 0.15 0.609375 0.240625 0.3421875
5 0.096875 0.859375 0.19375 0.2765625
5 0.215625 0.346875 0.2078125 0.221875
5 0.415625 0.53125 0.278125 0.2953125
5 0.3828125 0.15 0.1765625 0.196875
5 0.46875 0.2984375 0.20625 0.2390625
5 0.5546875 0.1203125 0.1796875 0.171875
5 0.6546875 0.73125 0.275 0.33125
5 0.640625 0.271875 0.1359375 0.1734375
5 0.6515625 0.1578125 0.1421875 0.121875
5 0.71875 0.53125 0.26875 0.33125
5 0.8078125 0.190625 0.2078125 0.296875
5 0.8875 0.76875 0.1859375 0.3203125
5 0.90625 0.4625 0.1828125 0.325