5 0.06875 0.5921875 0.1375 0.1875
5 0.06875 0.8078125 0.1375 0.253125
5 0.1140625 0.09375 0.190625 0.1875
5 0.128125 0.303125 0.1859375 0.2546875
5 0.109375 0.459375 0.128125 0.090625
5 0.1546875 0.6921875 0.13125 0.159375
5 0.2453125 0.5640625 0.2328125 0.303125
5 0.2015625 0.865625 0.134375 0.2625
5 0.2703125 0.390625 0.203125 0.13125
5 0.315625 0.1640625 0.23125 0.3265625
5 0.31875 0.734375 0.2 0.19375
5 0.3625 0.8859375 0.171875 0.2234375
5 0.465625 0.575 0.246875 0.346875
5 0.48125 0.8609375 0.171875 0.253125
5 0.4828125 0.33125 0.16875 0.2421875
5 0.5234375 0.14375 0.215625 0.2859375
5 0.5875 0.559375 0.1078125 0.1875
5 0.640625 0.75 0.178125 0.1984375
5 0.6375 0.33125 0.1703125 0.30625
5 0.6828125 0.9140625 0.221875 0.1625
5 0.6796875 0.096875 0.140625 0.19375
5 0.734375 0.546875 0.2046875 0.2890625
5 0.79375 0.2125 0.196875 0.2765625
5 0.7984375 0.053125 0.146875 0.10625
5 0.821875 0.371875 0.1546875 0.109375
5 0.8140625 0.7421875 0.134375 0.23125
5 0.846875 0.515625 0.165625 0.2359375
5 0.91875 0.6625 0.1578125 0.2109375
5 0.9203125 0.1015625 0.1515625 0.203125
5 0.9296875 0.8375 0.1359375 0.20625
5 0.9421875 0.453125 0.1125 0.2140625