5 0.725 0.8484375 0.1265625 0.2109375
5 0.13125 0.590625 0.1859375 0.15625
5 0.0984375 0.79375 0.10625 0.190625
5 0.2609375 0.7203125 0.246875 0.259375
5 0.259375 0.2046875 0.121875 0.2546875
5 0.328125 0.40625 0.1140625 0.225
5 0.39375 0.090625 0.1390625 0.11875
5 0.4234375 0.6046875 0.159375 0.2609375
5 0.425 0.1703125 0.0734375 0.0828125
5 0.4703125 0.8625 0.146875 0.1953125
5 0.525 0.9375 0.2125 0.1125
5 0.471875 0.4796875 0.0734375 0.09375
5 0.5390625 0.159375 0.165625 0.20625
5 0.66875 0.0859375 0.1859375 0.1703125
5 0.6875 0.5078125 0.184375 0.1890625
5 0.7734375 0.340625 0.14375 0.1953125
5 0.8890625 0.7390625 0.0875 0.1703125