5 0.6390625 0.7765625 0.196875 0.203125
5 0.2765625 0.6546875 0.14375 0.1578125
5 0.3484375 0.675 0.1484375 0.159375
5 0.4 0.590625 0.1375 0.121875
5 0.4671875 0.7328125 0.1625 0.1328125
5 0.5328125 0.9109375 0.1515625 0.15625
5 0.5296875 0.5796875 0.1359375 0.1609375
5 0.54375 0.471875 0.146875 0.0734375
5 0.6296875 0.9359375 0.1140625 0.1203125
5 0.6875 0.509375 0.1703125 0.146875
5 0.721875 0.625 0.15 0.178125
5 0.7625 0.915625 0.1703125 0.165625
5 0.81875 0.6984375 0.1671875 0.18125
5 0.8140625 0.4875 0.10625 0.0671875
5 0.909375 0.6125 0.14375 0.140625
5 0.9265625 0.5265625 0.121875 0.0796875
5 0.9421875 0.7328125 0.1015625 0.1