5 0.73125 0.5515625 0.1 0.14375
5 0.0375 0.7578125 0.075 0.090625
5 0.0984375 0.25 0.05625 0.08125
5 0.1796875 0.2734375 0.065625 0.096875
5 0.2015625 0.79375 0.034375 0.1390625
5 0.2859375 0.28125 0.06875 0.0984375
5 0.3359375 0.8703125 0.0671875 0.115625
5 0.5140625 0.1875 0.0546875 0.14375
5 0.534375 0.8296875 0.0875 0.1265625
5 0.5703125 0.171875 0.0859375 0.175
5 0.71875 0.6796875 0.0921875 0.1484375
5 0.78125 0.20625 0.08125 0.128125
5 0.8046875 0.6515625 0.10625 0.1421875
5 0.85 0.3046875 0.1046875 0.1375