5 0.16875 0.3703125 0.2578125 0.3625
5 0.240625 0.58125 0.2453125 0.3578125
5 0.321875 0.8234375 0.2984375 0.3515625
5 0.40625 0.390625 0.221875 0.26875
5 0.4046875 0.1734375 0.196875 0.209375
5 0.4875 0.6171875 0.246875 0.325
5 0.6046875 0.8234375 0.26875 0.35
5 0.5890625 0.1890625 0.184375 0.1859375
5 0.6828125 0.6078125 0.1421875 0.2484375
5 0.8078125 0.4796875 0.3 0.3
5 0.834375 0.8921875 0.33125 0.2109375
5 0.7625 0.2140625 0.18125 0.1859375
5 0.8359375 0.284375 0.23125 0.1796875
5 0.871875 0.7578125 0.253125 0.39375
5 0.9328125 0.2625 0.128125 0.175
5 0.965625 0.33125 0.0640625 0.134375
5 0.975 0.5109375 0.05 0.253125