5 0.04375 0.0328125 0.040625 0.05
5 0.0921875 0.8859375 0.13125 0.1921875
5 0.1078125 0.128125 0.065625 0.09375
5 0.1328125 0.2453125 0.0546875 0.0671875
5 0.3046875 0.5953125 0.2 0.278125
5 0.35625 0.6953125 0.1703125 0.225
5 0.371875 0.440625 0.1734375 0.29375
5 0.4109375 0.3421875 0.190625 0.2203125
5 0.4390625 0.2109375 0.1484375 0.1859375
5 0.515625 0.8 0.209375 0.3234375
5 0.559375 0.5515625 0.1484375 0.2765625
5 0.6125 0.421875 0.1421875 0.225
5 0.653125 0.2140625 0.165625 0.278125
5 0.840625 0.2265625 0.1125 0.153125
5 0.840625 0.5515625 0.075 0.0984375