5 0.434375 0.425 0.175 0.2828125
5 0.45 0.575 0.1234375 0.1390625
5 0.4671875 0.19375 0.0765625 0.171875
5 0.55 0.303125 0.23125 0.2546875
5 0.5203125 0.95625 0.1375 0.0859375
5 0.5265625 0.503125 0.0828125 0.1625
5 0.58125 0.7625 0.121875 0.3296875
5 0.6375 0.4265625 0.1859375 0.2015625
5 0.7 0.9234375 0.221875 0.1421875
5 0.7078125 0.74375 0.153125 0.2578125
5 0.6890625 0.246875 0.1109375 0.240625
5 0.6921875 0.5671875 0.1015625 0.221875
5 0.7734375 0.115625 0.14375 0.1953125
5 0.7953125 0.2984375 0.18125 0.2203125
5 0.803125 0.6765625 0.153125 0.2765625