5 0.878125 0.1359375 0.1359375 0.1296875
5 0.2328125 0.5125 0.1140625 0.1421875
5 0.325 0.796875 0.1390625 0.15625
5 0.34375 0.3640625 0.1140625 0.1421875
5 0.3359375 0.703125 0.09375 0.0828125
5 0.35625 0.603125 0.11875 0.0953125
5 0.4328125 0.6828125 0.0953125 0.08125
5 0.43125 0.746875 0.0875 0.1484375
5 0.4859375 0.409375 0.15 0.1203125
5 0.559375 0.859375 0.1125 0.1140625
5 0.5796875 0.5328125 0.115625 0.1109375
5 0.5765625 0.678125 0.0984375 0.0984375
5 0.6375 0.4875 0.0875 0.1296875
5 0.70625 0.428125 0.11875 0.1
5 0.7203125 0.56875 0.0953125 0.0640625
5 0.753125 0.5515625 0.1203125 0.0953125
5 0.81875 0.45625 0.1078125 0.1234375