5 0.55625 0.2890625 0.2890625 0.2859375
5 0.046875 0.859375 0.0921875 0.2453125
5 0.05 0.6046875 0.1 0.228125
5 0.0578125 0.0765625 0.115625 0.153125
5 0.071875 0.3046875 0.14375 0.246875
5 0.2421875 0.63125 0.2796875 0.2796875
5 0.2328125 0.878125 0.2140625 0.209375
5 0.278125 0.1078125 0.290625 0.215625
5 0.284375 0.3359375 0.29375 0.2578125
5 0.5125 0.5703125 0.29375 0.2984375
5 0.5015625 0.8375 0.25 0.2546875
5 0.5828125 0.08125 0.278125 0.1625
5 0.809375 0.8265625 0.2671875 0.2625
5 0.846875 0.5421875 0.303125 0.284375
5 0.875 0.190625 0.2015625 0.2125
5 0.9 0.0296875 0.196875 0.059375