5 0.403125 0.6078125 0.1234375 0.1671875
5 0.021875 0.6546875 0.04375 0.146875
5 0.096875 0.6859375 0.090625 0.1046875
5 0.2046875 0.7 0.0921875 0.1515625
5 0.2375 0.590625 0.1078125 0.140625
5 0.309375 0.628125 0.059375 0.134375
5 0.5265625 0.5890625 0.0875 0.1296875
5 0.5375 0.5890625 0.0703125 0.0875
5 0.640625 0.5984375 0.096875 0.140625
5 0.740625 0.5859375 0.0953125 0.115625
5 0.8515625 0.5953125 0.1109375 0.1625
5 0.9578125 0.5796875 0.08125 0.1453125
5 0.9703125 0.65625 0.059375 0.1296875