5 0.2671875 0.140625 0.0328125 0.0734375
5 0.3015625 0.2390625 0.04375 0.05
5 0.2984375 0.1390625 0.034375 0.046875
5 0.3125 0.18125 0.0453125 0.065625
5 0.3125 0.2890625 0.025 0.0609375
5 0.33125 0.321875 0.021875 0.0234375
5 0.35 0.240625 0.053125 0.0625
5 0.346875 0.284375 0.04375 0.0578125
5 0.3703125 0.2140625 0.0484375 0.0703125
5 0.378125 0.1234375 0.040625 0.0703125
5 0.4109375 0.1546875 0.04375 0.0703125
5 0.421875 0.225 0.053125 0.0546875
5 0.425 0.278125 0.04375 0.0671875
5 0.4546875 0.290625 0.04375 0.0578125
5 0.4609375 0.228125 0.040625 0.065625
5 0.484375 0.2875 0.0328125 0.05625