5 0.44375 0.85 0.1109375 0.1125
5 0.21875 0.5421875 0.146875 0.1671875
5 0.221875 0.265625 0.1125 0.1484375
5 0.2328125 0.39375 0.121875 0.128125
5 0.315625 0.3125 0.115625 0.1375
5 0.3203125 0.4578125 0.11875 0.1421875
5 0.3015625 0.14375 0.0765625 0.1125
5 0.371875 0.7390625 0.13125 0.1875
5 0.371875 0.5984375 0.1234375 0.159375
5 0.440625 0.478125 0.1375 0.1625
5 0.5046875 0.60625 0.128125 0.1390625
5 0.5421875 0.7421875 0.13125 0.175
5 0.54375 0.8578125 0.1140625 0.121875
5 0.625 0.559375 0.1390625 0.1859375
5 0.6546875 0.8328125 0.128125 0.140625
5 0.690625 0.70625 0.146875 0.153125
5 0.6875 0.284375 0.0953125 0.128125
5 0.7390625 0.2203125 0.084375 0.075
5 0.8203125 0.6671875 0.134375 0.2
5 0.8578125 0.3203125 0.1046875 0.10625