5 0.4140625 0.8421875 0.1 0.1140625
5 0.2171875 0.5125 0.0984375 0.096875
5 0.26875 0.4390625 0.0796875 0.09375
5 0.309375 0.4953125 0.0640625 0.078125
5 0.359375 0.3046875 0.071875 0.096875
5 0.375 0.5171875 0.0828125 0.1015625
5 0.4203125 0.6078125 0.0796875 0.1109375
5 0.425 0.2140625 0.0796875 0.096875
5 0.540625 0.703125 0.0796875 0.13125
5 0.5421875 0.875 0.071875 0.1234375
5 0.634375 0.709375 0.08125 0.1078125
5 0.678125 0.5953125 0.090625 0.1265625
5 0.765625 0.8234375 0.0953125 0.121875