5 0.0125 0.575 0.021875 0.028125
5 0.0140625 0.596875 0.025 0.025
5 0.05 0.7296875 0.0390625 0.059375
5 0.04375 0.56875 0.0171875 0.0265625
5 0.0890625 0.7359375 0.0421875 0.059375
5 0.1015625 0.9375 0.0375 0.0625
5 0.1265625 0.865625 0.05 0.05
5 0.1390625 0.55 0.071875 0.0578125
5 0.13125 0.91875 0.0359375 0.046875
5 0.196875 0.8078125 0.0453125 0.0484375
5 0.196875 0.7640625 0.03125 0.04375
5 0.2171875 0.428125 0.0203125 0.028125
5 0.2328125 0.76875 0.0328125 0.0484375
5 0.2328125 0.69375 0.0125 0.04375
5 0.2671875 0.678125 0.0296875 0.05
5 0.4140625 0.565625 0.015625 0.0203125
5 0.434375 0.565625 0.0171875 0.0265625
5 0.44375 0.575 0.0140625 0.028125
5 0.5046875 0.9859375 0.0375 0.025
5 0.5984375 0.653125 0.01875 0.03125
5 0.6 0.815625 0.0203125 0.0203125
5 0.6125 0.8390625 0.0265625 0.025
5 0.646875 0.5 0.0765625 0.08125
5 0.6234375 0.64375 0.0234375 0.0296875
5 0.6265625 0.815625 0.015625 0.0234375
5 0.640625 0.565625 0.021875 0.028125
5 0.6578125 0.571875 0.009375 0.01875