5 0.4234375 0.3640625 0.20625 0.221875
5 0.0640625 0.2984375 0.128125 0.1859375
5 0.0890625 0.5234375 0.178125 0.2640625
5 0.0921875 0.80625 0.184375 0.31875
5 0.2 0.2296875 0.1765625 0.13125
5 0.2375 0.4046875 0.2171875 0.2171875
5 0.2984375 0.625 0.2921875 0.3078125
5 0.403125 0.825 0.3046875 0.34375
5 0.3671875 0.16875 0.16875 0.1734375
5 0.4875 0.1234375 0.1640625 0.125
5 0.54375 0.2734375 0.2015625 0.178125
5 0.5859375 0.5234375 0.2671875 0.290625
5 0.6109375 0.0921875 0.165625 0.1078125
5 0.7078125 0.721875 0.2796875 0.2796875
5 0.6796875 0.2234375 0.2 0.1625
5 0.740625 0.39375 0.2359375 0.165625
5 0.771875 0.1890625 0.1671875 0.1578125
5 0.884375 0.525 0.215625 0.278125
5 0.90625 0.303125 0.184375 0.184375